1779607166.471593,0
1779607166.481137,2
1779607166.573627,9
1779607166.586335,10
1779607166.683972,16
1779607166.687846,15
1779607166.804085,19
1779607166.804363,19
1779607166.913866,20
1779607166.918384,20
1779607167.042261,20
1779607167.043863,19
1779607167.193318,19
1779607167.193923,19
1779607167.326745,19
1779607167.327799,19
1779607167.456623,18
1779607167.457869,18
1779607167.576970,19
1779607167.577359,19
1779607167.709583,19
1779607167.710142,19
1779607167.844231,18
1779607167.844899,18
1779607167.965128,13
1779607167.965385,13
1779607168.102112,13
1779607168.102589,12
1779607168.340597,11
1779607168.340947,11
1779607168.677244,11
1779607168.772550,12
1779607168.854439,11
1779607169.430056,13
1779607169.634637,13
1779607169.645420,12
1779607169.813639,14
1779607169.814328,14
1779607169.934192,14
1779607169.934620,15
1779607170.054638,14
1779607170.055751,14
1779607170.178149,16
1779607170.178485,16
1779607170.305533,15
1779607170.306218,16
1779607170.431268,16
1779607170.432094,17
1779607170.555887,15
1779607170.556260,15
1779607170.677890,15
1779607170.678543,15
1779607170.789373,15
1779607170.789640,15
1779607170.907832,15
1779607170.908832,15
1779607171.114661,15
1779607171.115263,15
1779607171.337349,15
1779607171.341067,15
1779607171.535762,15
1779607171.537058,15
1779607171.694393,16
1779607171.694690,16
1779607171.801244,17
1779607171.801976,16
1779607171.939004,18
1779607171.940354,18
1779607172.055482,20
1779607172.055931,20
1779607172.173334,16
1779607172.173796,16
1779607172.304225,17
1779607172.304954,17
1779607172.454458,16
1779607172.454909,16
1779607172.580815,17
1779607172.581206,18
1779607172.701138,17
1779607172.701473,17
1779607172.841758,18
1779607172.842375,18
1779607172.994259,17
1779607172.994716,17
1779607173.122666,18
1779607173.123096,18
1779607173.269727,18
1779607173.270535,18
1779607173.388875,18
1779607173.389282,18
1779607173.521218,19
1779607173.521593,19
1779607173.646991,19
1779607173.647478,19
1779607173.764160,19
1779607173.764611,19
1779607173.894322,19
1779607173.894679,20
1779607174.051404,19
1779607174.053425,19
1779607174.205327,19
1779607174.206336,19
1779607174.331166,20
1779607174.334864,18
1779607174.467013,19
1779607174.467434,19
1779607174.589508,20
1779607174.589925,20
1779607174.714445,19
1779607174.714832,19
1779607174.858936,18
1779607174.859366,18
1779607174.979995,18
1779607174.980621,18
1779607175.130016,16
1779607175.130416,16
1779607175.264361,13
1779607175.265271,14
1779607175.390688,12
1779607175.391955,12
1779607175.497273,13
1779607175.497450,13
1779607175.613927,14
1779607175.614170,14
1779607175.755737,16
1779607175.756070,16
1779607175.879686,17
1779607175.880050,16
1779607175.991907,16
1779607175.993067,16
1779607176.163147,15
1779607176.163426,16
1779607176.295674,17
1779607176.295939,17
1779607176.433071,16
1779607176.435067,16
1779607176.546639,17
1779607176.546851,17
1779607176.690718,18
1779607176.691219,17
1779607176.807138,17
1779607176.807669,17
1779607176.925450,16
1779607176.925827,16
1779607177.042544,15
1779607177.043168,15
1779607177.187376,17
1779607177.198695,16
1779607177.300806,16
1779607177.308859,16
1779607177.426577,16
1779607177.426987,16
1779607177.592750,17
1779607177.593874,17
1779607177.741919,17
1779607177.742224,17
1779607177.892032,18
1779607177.892634,18
1779607178.037152,19
1779607178.038226,20
1779607178.171236,17
1779607178.171494,17
1779607178.301446,19
1779607178.301842,19
1779607178.433138,18
1779607178.436700,18
1779607178.560208,19
1779607178.561103,20
1779607178.717951,19
1779607178.718396,19
1779607178.866046,18
1779607178.866456,19
1779607178.998694,19
1779607178.999112,19
1779607179.115248,19
1779607179.116121,19
1779607179.236730,19
1779607179.237307,19
1779607179.371771,18
1779607179.372324,19
1779607179.504552,18
1779607179.505077,18
1779607179.623357,16
1779607179.624011,17
1779607179.744792,14
1779607179.745477,14
1779607179.862526,12
1779607179.863002,12
1779607179.997561,12
1779607179.999648,12
1779607180.120602,11
1779607180.121058,12
1779607180.260184,10
1779607180.263572,12
1779607180.372230,12
1779607180.372535,12
1779607180.500357,12
1779607180.501202,12
1779607180.627451,13
1779607180.628145,13
1779607180.748351,13
1779607180.748796,13
1779607180.912224,14
1779607180.912645,14
1779607181.040598,13
1779607181.041014,13
1779607181.159501,14
1779607181.159949,14
1779607181.295431,13
1779607181.295891,13
1779607181.447013,14
1779607181.448596,14
1779607181.564786,16
1779607181.566454,14
1779607181.682896,15
1779607181.683195,16
1779607181.856019,15
1779607181.857249,15
1779607181.958574,17
1779607181.959569,17
1779607182.080014,16
1779607182.080347,16
1779607182.206577,19
1779607182.206966,19
1779607182.328733,18
1779607182.328992,18
1779607182.454472,18
1779607182.454849,19
1779607182.597380,20
1779607182.597713,20
1779607182.716998,20
1779607182.717298,20
1779607182.852216,19
1779607182.852705,19
1779607182.976015,18
1779607182.976220,18
1779607183.110457,19
1779607183.110951,19
1779607183.232060,19
1779607183.232585,19
1779607183.355000,14
1779607183.355390,14
1779607183.482713,12
1779607183.483159,12
1779607183.636683,13
1779607183.637012,13
1779607183.750442,12
1779607183.750883,12
1779607183.874332,13
1779607183.874893,11
1779607184.035975,12
1779607184.036341,12
1779607184.161323,11
1779607184.163182,12
1779607184.300807,13
1779607184.302235,13
1779607184.448667,13
1779607184.449039,13
1779607184.557876,13
1779607184.558294,13
1779607184.694367,12
1779607184.695478,12
1779607184.834082,13
1779607184.834543,13
1779607184.973782,15
1779607184.976316,15
1779607185.124330,16
1779607185.125092,16
1779607185.252772,16
1779607185.253478,16
1779607185.364766,15
1779607185.366039,15
1779607185.466219,15
1779607185.467319,15
1779607185.574631,16
1779607185.574885,16
1779607185.685665,17
1779607185.686028,17
1779607185.800828,16
1779607185.801727,16
1779607185.920670,17
1779607185.921362,17
1779607186.067526,17
1779607186.068657,17
1779607186.193436,18
1779607186.193913,18
1779607186.310892,17
1779607186.311244,17
1779607186.449406,17
1779607186.449821,17
1779607186.562628,17
1779607186.562907,17
1779607186.684257,19
1779607186.684762,18
1779607186.804355,19
1779607186.804977,19
1779607186.939341,19
1779607186.939880,19
1779607187.067898,20
1779607187.068781,20
1779607187.204902,19
1779607187.205438,20
1779607187.328782,20
1779607187.330802,20
1779607187.458846,18
1779607187.459282,19
1779607187.608079,20
1779607187.608381,20
1779607187.732091,19
1779607187.733130,19
1779607187.850257,17
1779607187.850699,17
1779607187.982585,12
1779607187.982995,12
1779607188.120617,10
1779607188.121163,9
1779607188.241205,12
1779607188.241713,12
1779607188.393597,13
1779607188.396347,13
1779607188.525091,12
1779607188.525544,12
1779607188.647352,14
1779607188.647690,14
1779607188.795770,16
1779607188.796635,17
1779607188.899557,14
1779607188.901110,14
1779607189.018866,13
1779607189.019312,14
1779607189.160962,16
1779607189.161288,16
1779607189.294584,16
1779607189.296496,16
1779607189.414679,16
1779607189.415207,16
1779607189.565699,18
1779607189.566075,18
1779607189.713510,18
1779607189.713953,18
1779607189.822523,16
1779607189.822951,16
1779607189.931573,16
1779607189.932131,16
1779607190.046540,15
1779607190.046748,15
1779607190.149852,16
1779607190.150029,16
1779607190.252251,16
1779607190.252797,17
1779607190.359258,16
1779607190.359454,16
1779607190.490787,16
1779607190.491079,16
1779607190.602675,16
1779607190.603438,17
1779607190.709737,18
1779607190.709950,18
1779607190.839595,18
1779607190.839825,18
1779607190.998681,20
1779607190.999028,20
1779607191.107029,19
1779607191.107182,19
1779607191.228984,19
1779607191.230245,18
1779607191.340844,20
1779607191.341276,20
1779607191.458083,18
1779607191.458253,18
1779607191.565716,18
1779607191.565907,18
1779607191.679667,20
1779607191.679849,20
1779607191.788508,19
1779607191.789092,19
1779607191.894586,18
1779607191.894798,18
1779607192.008183,15
1779607192.008543,15
1779607192.119261,14
1779607192.119537,14
1779607192.246600,12
1779607192.246814,12
1779607192.352328,10
1779607192.353765,10
1779607192.484287,11
1779607192.484637,11
1779607192.592382,11
1779607192.592541,11
1779607192.704072,12
1779607192.704351,12
1779607192.833034,14
1779607192.833330,13
1779607192.966023,14
1779607192.966367,14
1779607193.078548,13
1779607193.079285,13
1779607193.193375,13
1779607193.194087,14
1779607193.313507,13
1779607193.313675,13
1779607193.436029,13
1779607193.436754,13
1779607193.552838,15
1779607193.553116,15
1779607193.675906,15
1779607193.676618,15
1779607193.809117,15
1779607193.809502,15
1779607193.950439,16
1779607193.951294,15
1779607194.067153,17
1779607194.067599,16
1779607194.209635,17
1779607194.210008,17
1779607194.333719,17
1779607194.333983,17
1779607194.440536,16
1779607194.440817,16
1779607194.546113,18
1779607194.546317,18
1779607194.667791,16
1779607194.668100,17
1779607194.791133,17
1779607194.791883,17
1779607194.903262,19
1779607194.903569,18
1779607195.005395,17
1779607195.005842,18
1779607195.118454,18
1779607195.119168,19
1779607195.253685,18
1779607195.254181,19
1779607195.371382,13
1779607195.371601,15
1779607195.507997,13
1779607195.508235,13
1779607195.615049,11
1779607195.615227,11
1779607195.735567,10
1779607195.735810,10
1779607195.848283,11
1779607195.852196,11
1779607195.953943,10
1779607195.954701,10
1779607196.071998,13
1779607196.072252,13
1779607196.220518,13
1779607196.222560,13
1779607196.332791,12
1779607196.333035,12
1779607196.445270,15
1779607196.445632,15
1779607196.552919,16
1779607196.553177,16
1779607196.660513,14
1779607196.660759,14
1779607196.775265,16
1779607196.775625,15
1779607196.885157,16
1779607196.886780,16
1779607196.988973,13
1779607196.989557,14
1779607197.111074,16
1779607197.111330,16
1779607197.224865,15
1779607197.225172,15
1779607197.338881,17
1779607197.339242,17
1779607197.483548,16
1779607197.484156,16
1779607197.605210,15
1779607197.605587,15
1779607197.719164,16
1779607197.719456,16
1779607197.854798,18
1779607197.855178,18
1779607197.981692,17
1779607197.982670,17
1779607198.098179,18
1779607198.098535,18
1779607198.243424,18
1779607198.243981,17
1779607198.388921,19
1779607198.389546,19
1779607198.515275,20
1779607198.515994,20
1779607198.662466,18
1779607198.662958,18
1779607198.781900,19
1779607198.782150,19
1779607198.918772,18
1779607198.919425,18
1779607199.045317,16
1779607199.045786,16
1779607199.174416,11
1779607199.174784,12
1779607199.284203,11
1779607199.284534,11
1779607199.410142,12
1779607199.410451,12
1779607199.511996,12
1779607199.512475,12
1779607199.620561,11
1779607199.620800,11
1779607199.734120,12
1779607199.734404,12
1779607199.878443,12
1779607199.878739,11
1779607200.022766,12
1779607200.023177,12
1779607200.148650,13
1779607200.150055,12
1779607200.262062,14
1779607200.262311,13
1779607200.404254,12
1779607200.404657,12
1779607200.513948,13
1779607200.514250,13
1779607200.640723,13
1779607200.641737,13
1779607200.753242,15
1779607200.753406,15
1779607200.871525,16
1779607200.871757,16
1779607200.987545,15
1779607200.987808,15
1779607201.119416,16
1779607201.119822,15
1779607201.245628,16
1779607201.246005,16
1779607201.370317,15
1779607201.370583,15
1779607201.487474,16
1779607201.487751,16
1779607201.625675,17
1779607201.626019,17
1779607201.762431,17
1779607201.763086,17
1779607201.869178,18
1779607201.869996,18
1779607202.009481,17
1779607202.013488,17
1779607202.139176,18
1779607202.140226,18
1779607202.245530,17
1779607202.245750,17
1779607202.359318,20
1779607202.359682,20
1779607202.487909,19
1779607202.488231,20
1779607202.618547,17
1779607202.618812,17
1779607202.740983,18
1779607202.741326,18
1779607202.874649,16
1779607202.875165,15
1779607202.987616,16
1779607202.987970,15
1779607203.093693,15
1779607203.096615,15
1779607203.231285,14
1779607203.231641,14
1779607203.363158,16
1779607203.363733,16
1779607203.478085,15
1779607203.479002,15
1779607203.610066,12
1779607203.610581,12
1779607203.748783,14
1779607203.749718,14
1779607203.905090,13
1779607203.905469,13
1779607204.027870,12
1779607204.028189,12
1779607204.166194,14
1779607204.166509,14
1779607204.297961,15
1779607204.298545,13
1779607204.408852,13
1779607204.409298,13
1779607204.527200,14
1779607204.527462,14
1779607204.654622,14
1779607204.654974,14
1779607204.815161,13
1779607204.816263,14
1779607204.931739,15
1779607204.932075,15
1779607205.058583,16
1779607205.061581,16
1779607205.190371,15
1779607205.191048,16
1779607205.328445,17
1779607205.328828,16
1779607205.480374,17
1779607205.480821,17
1779607205.627212,17
1779607205.627659,17
1779607205.760159,16
1779607205.761500,16
1779607205.902343,17
1779607205.903744,16
1779607206.031696,18
1779607206.032094,18
1779607206.167331,17
1779607206.168142,17
1779607206.300133,18
1779607206.300934,19
1779607206.426219,18
1779607206.426666,19
1779607206.550243,19
1779607206.550703,19
1779607206.675639,20
1779607206.679233,19
1779607206.802850,20
1779607206.804589,20
1779607206.950512,20
1779607206.950876,20
1779607207.070872,20
1779607207.071543,19
1779607207.201109,20
1779607207.201834,20
1779607207.333488,20
1779607207.340869,18
1779607207.450654,18
1779607207.451184,18
1779607207.553649,19
1779607207.554277,19
1779607207.670397,17
1779607207.670941,17
1779607207.807813,11
1779607207.808222,11
1779607207.935896,12
1779607207.936643,12
1779607208.046114,11
1779607208.046278,11
1779607208.183864,11
1779607208.184107,11
1779607208.324840,12
1779607208.325273,12
1779607208.446474,11
1779607208.447064,11
1779607208.565096,14
1779607208.565450,14
1779607208.681522,15
1779607208.682667,15
1779607208.807645,18
1779607208.808966,16
1779607208.934602,15
1779607208.937400,15
1779607209.069158,16
1779607209.071494,14
1779607209.191725,17
1779607209.192097,17
1779607209.309853,19
1779607209.310338,19
1779607209.446541,16
1779607209.448516,16
1779607209.581079,18
1779607209.590351,17
1779607209.704281,15
1779607209.704956,15
1779607209.826168,19
1779607209.826562,19
1779607209.959377,17
1779607209.959792,16
1779607210.080759,17
1779607210.081244,17
1779607210.205652,19
1779607210.206114,19
1779607210.335052,17
1779607210.335488,17
1779607210.460624,18
1779607210.461079,18
1779607210.573027,18
1779607210.573415,18
1779607210.724719,18
1779607210.725175,18
1779607210.880227,19
1779607210.880739,18
1779607211.007145,19
1779607211.007623,19
1779607211.152083,19
1779607211.152669,19
1779607211.265020,19
1779607211.265479,19
1779607211.383889,20
1779607211.384264,20
1779607211.533751,18
1779607211.534574,19
1779607211.662484,19
1779607211.662879,19
1779607211.770480,18
1779607211.770660,18
1779607211.884014,17
1779607211.884257,17
1779607212.030104,16
1779607212.030494,16
1779607212.152918,14
1779607212.153386,14
1779607212.289997,13
1779607212.290473,13
1779607212.404865,10
1779607212.405446,10
1779607212.545819,12
1779607212.548629,12
1779607212.658099,12
1779607212.658926,12
1779607212.778049,13
1779607212.778549,13
1779607212.923163,12
1779607212.923799,12
1779607213.056894,14
1779607213.057404,14
1779607213.212016,15
1779607213.212293,15
1779607213.340024,14
1779607213.341412,14
1779607213.457023,14
1779607213.457495,14
1779607213.604272,14
1779607213.605447,14
1779607213.717231,15
1779607213.717817,14
1779607213.845684,15
1779607213.846249,15
1779607213.976018,16
1779607213.976634,15
1779607214.103493,15
1779607214.104869,15
1779607214.222984,16
1779607214.223338,17
1779607214.358213,18
1779607214.358525,18
1779607214.488991,16
1779607214.489567,17
1779607214.619127,17
1779607214.619548,17
1779607214.742707,16
1779607214.743131,16
1779607214.889383,17
1779607214.890062,17
1779607215.006429,17
1779607215.007383,17
1779607215.120650,20
1779607215.121414,20
1779607215.268957,20
1779607215.269361,20
1779607215.385493,20
1779607215.385881,20
1779607215.510723,20
1779607215.511523,20
1779607215.655122,18
1779607215.655520,18
1779607215.795970,17
1779607215.796328,17
1779607215.955321,20
1779607215.956257,20
1779607216.086514,15
1779607216.086807,14
1779607216.199436,14
1779607216.199611,14
1779607216.316360,11
1779607216.316928,11
1779607216.438621,10
1779607216.440132,11
1779607216.554508,12
1779607216.554851,12
1779607216.676123,11
1779607216.677206,11
1779607216.804198,12
1779607216.804686,12
1779607216.921290,12
1779607216.921805,13
1779607217.038703,13
1779607217.039065,13
1779607217.157437,13
1779607217.157848,13
1779607217.282162,15
1779607217.282353,15
1779607217.403680,16
1779607217.404140,16
1779607217.542546,15
1779607217.542819,16
1779607217.660988,15
1779607217.661797,17
1779607217.781281,16
1779607217.781713,16
1779607217.903512,14
1779607217.908249,14
1779607218.023619,15
1779607218.024045,15
1779607218.159509,15
1779607218.161948,15
1779607218.271574,14
1779607218.272851,15
1779607218.417690,16
1779607218.418773,15
1779607218.547460,17
1779607218.547881,16
1779607218.668315,16
1779607218.668932,16
1779607218.796193,15
1779607218.796595,15
1779607218.919179,16
1779607218.920784,16
1779607219.072565,16
1779607219.074070,17
1779607219.176536,17
1779607219.177419,18
1779607219.298788,17
1779607219.299124,17
1779607219.429583,17
1779607219.429981,17
1779607219.552115,17
1779607219.553364,17
1779607219.698169,18
1779607219.698618,17
1779607219.811992,17
1779607219.812344,17
1779607219.953381,18
1779607219.954759,18
1779607220.109202,18
1779607220.110318,18
1779607220.227947,18
1779607220.228356,18
1779607220.366241,19
1779607220.367001,19
1779607220.515522,19
1779607220.517880,19
1779607220.655755,19
1779607220.656345,19
1779607220.774781,19
1779607220.775565,19
1779607220.900726,18
1779607220.901206,18
1779607221.027406,20
1779607221.028116,20
1779607221.160179,19
1779607221.160920,19
1779607221.306095,18
1779607221.306607,18
1779607221.420916,18
1779607221.421288,19
1779607221.548852,16
1779607221.549204,16
1779607221.665393,14
1779607221.665736,14
1779607221.802482,9
1779607221.803195,9
1779607221.936329,10
1779607221.937098,10
1779607222.044376,10
1779607222.046098,10
1779607222.170551,11
1779607222.171090,11
1779607222.291110,11
1779607222.292300,12
1779607222.460695,12
1779607222.461167,12
1779607222.575354,11
1779607222.575813,12
1779607222.711291,12
1779607222.711825,12
1779607222.863258,13
1779607222.864188,13
1779607222.968632,15
1779607222.969659,15
1779607223.088012,14
1779607223.088363,14
1779607223.213480,18
1779607223.213996,18
1779607223.339328,18
1779607223.339889,18
1779607223.479159,15
1779607223.482864,15
1779607223.607761,17
1779607223.608249,17
1779607223.723796,17
1779607223.724281,17
1779607223.868842,18
1779607223.869251,18
1779607223.979889,18
1779607223.980165,18
1779607224.091978,17
1779607224.092230,17
1779607224.228359,19
1779607224.229926,19
1779607224.350520,20
1779607224.351229,20
1779607224.471790,19
1779607224.472315,19
1779607224.593633,16
1779607224.594070,16
1779607224.733198,17
1779607224.733602,16
1779607224.866620,15
1779607224.867020,15
1779607224.991768,9
1779607224.992172,9
1779607225.117973,10
1779607225.118556,10
1779607225.269230,9
1779607225.269630,9
1779607225.402614,9
1779607225.402979,9
1779607225.542336,9
1779607225.542731,9
1779607225.692745,10
1779607225.693012,10
1779607225.836824,10
1779607225.837246,10
1779607226.001097,12
1779607226.001405,12
1779607226.132854,13
1779607226.133352,13
1779607226.275895,11
1779607226.276269,11
1779607226.405739,12
1779607226.406152,12
1779607226.548098,12
1779607226.548733,12
1779607226.682333,13
1779607226.683397,14
1779607226.810758,13
1779607226.811098,13
1779607226.939302,13
1779607226.939893,13
1779607227.062771,13
1779607227.063799,13
1779607227.175286,14
1779607227.175694,14
1779607227.302610,13
1779607227.302980,13
1779607227.422826,16
1779607227.423451,16
1779607227.541713,17
1779607227.542192,17
1779607227.665799,17
1779607227.666887,17
1779607227.789507,15
1779607227.791279,15
1779607227.906832,15
1779607227.907298,15
1779607228.037435,17
1779607228.037922,17
1779607228.174731,17
1779607228.175296,17
1779607228.295910,17
1779607228.297287,18
1779607228.414136,16
1779607228.415748,17
1779607228.543597,17
1779607228.544071,17
1779607228.661311,18
1779607228.661855,18
1779607228.797543,19
1779607228.797973,19
1779607228.921636,18
1779607228.922084,18
1779607229.053434,18
1779607229.053995,18
1779607229.174938,18
1779607229.175568,18
1779607229.336751,19
1779607229.337231,19
1779607229.488664,19
1779607229.489218,19
1779607229.631797,20
1779607229.633171,20
1779607229.745489,20
1779607229.746012,20
1779607229.864721,18
1779607229.865073,19
1779607229.977612,19
1779607229.978732,19
1779607230.105880,18
1779607230.107038,18
1779607230.222955,18
1779607230.223340,18
1779607230.354247,16
1779607230.355259,16
1779607230.483480,14
1779607230.483904,14
1779607230.596108,13
1779607230.600668,11
1779607230.717802,14
1779607230.718082,14
1779607230.857967,13
1779607230.859036,13
1779607230.978231,12
1779607230.979516,12
1779607231.131555,14
1779607231.132324,14
1779607231.242025,11
1779607231.242464,11
1779607231.384340,13
1779607231.386170,12
1779607231.506237,13
1779607231.506851,13
1779607231.649226,13
1779607231.649581,13
1779607231.774131,14
1779607231.775392,14
1779607231.893361,14
1779607231.894540,14
1779607232.014088,15
1779607232.014618,15
1779607232.134844,16
1779607232.137216,15
1779607232.260060,14
1779607232.260718,14
1779607232.392272,16
1779607232.393287,16
1779607232.521722,15
1779607232.522273,15
1779607232.651170,15
1779607232.651484,16
1779607232.771692,16
1779607232.772214,16
1779607232.907314,18
1779607232.907803,19
1779607233.043345,17
1779607233.044313,18
1779607233.168969,18
1779607233.169471,18
1779607233.286086,16
1779607233.286500,16
1779607233.404173,18
1779607233.404967,18
1779607233.529153,19
1779607233.529716,19
1779607233.662712,19
1779607233.663177,19
1779607233.806848,17
1779607233.807361,17
1779607233.960434,18
1779607233.960715,18
1779607234.068879,19
1779607234.069157,19
1779607234.196648,19
1779607234.197364,19
1779607234.317257,20
1779607234.317650,20
1779607234.452706,20
1779607234.453915,20
1779607234.580934,19
1779607234.581476,19
1779607234.697318,19
1779607234.697763,18
1779607234.815758,19
1779607234.817641,19
1779607234.933077,19
1779607234.934100,19
1779607235.048589,19
1779607235.049066,19
1779607235.166179,19
1779607235.166542,19
1779607235.279528,18
1779607235.279901,17
1779607235.401298,15
1779607235.401750,15
1779607235.533617,10
1779607235.534100,10
1779607235.655694,11
1779607235.656121,12
1779607235.803071,11
1779607235.803701,12
1779607235.920985,11
1779607235.922545,11
1779607236.044210,12
1779607236.044965,12
1779607236.157475,13
1779607236.157930,14
1779607236.302148,16
1779607236.302496,16
1779607236.451557,17
1779607236.454083,17
1779607236.566736,16
1779607236.568390,15
1779607236.715051,14
1779607236.716713,14
1779607236.862609,17
1779607236.863023,18
1779607236.990553,15
1779607236.990894,15
1779607237.096066,16
1779607237.097203,17
1779607237.213757,15
1779607237.214208,15
1779607237.351919,17
1779607237.352310,17
1779607237.469679,18
1779607237.470074,18
1779607237.587862,16
1779607237.588362,16
1779607237.733901,17
1779607237.735135,17
1779607237.859952,17
1779607237.860394,17
1779607237.981047,16
1779607237.981460,16
1779607238.113929,16
1779607238.114354,17
1779607238.241022,16
1779607238.242064,17
1779607238.364782,18
1779607238.365234,17
1779607238.501659,18
1779607238.502040,18
1779607238.619476,19
1779607238.619983,18
1779607238.772084,17
1779607238.772623,17
1779607238.886461,17
1779607238.887005,17
1779607239.007407,18
1779607239.007623,18
1779607239.123435,19
1779607239.123881,19
1779607239.241185,20
1779607239.241558,20
1779607239.383084,19
1779607239.383415,19
1779607239.510738,19
1779607239.511754,20
1779607239.650799,18
1779607239.651423,18
1779607239.784547,19
1779607239.785011,19
1779607239.935250,18
1779607239.935678,18
1779607240.044980,17
1779607240.045481,17
1779607240.193439,18
1779607240.194435,19
1779607240.324199,17
1779607240.325079,18
1779607240.445167,14
1779607240.445877,14
1779607240.570444,12
1779607240.571496,12
1779607240.695730,9
1779607240.696220,9
1779607240.831035,12
1779607240.836271,12
1779607240.979844,12
1779607240.980948,12
1779607241.097064,13
1779607241.097526,13
1779607241.241311,12
1779607241.241924,12
1779607241.370924,14
1779607241.371343,12
1779607241.486148,13
1779607241.487244,13
1779607241.610669,13
1779607241.611911,13
1779607241.740271,13
1779607241.740978,14
1779607241.869786,14
1779607241.870284,14
1779607241.994233,13
1779607241.994893,14
1779607242.116880,15
1779607242.117827,14
1779607242.246266,14
1779607242.248047,14
1779607242.387305,14
1779607242.387795,14
1779607242.528754,16
1779607242.529053,16
1779607242.666573,17
1779607242.667022,17
1779607242.802581,18
1779607242.802874,18
1779607242.937660,20
1779607242.937973,19
1779607243.081572,18
1779607243.082271,18
1779607243.217719,17
1779607243.218322,17
1779607243.337386,17
1779607243.337739,18
1779607243.466104,18
1779607243.466528,18
1779607243.582825,18
1779607243.583381,18
1779607243.710188,15
1779607243.712136,15
1779607243.822661,14
1779607243.823173,14
1779607243.951070,13
1779607243.951377,13
1779607244.078151,9
1779607244.078457,9
1779607244.203584,9
1779607244.204130,9
1779607244.321705,9
1779607244.322124,10
1779607244.444313,10
1779607244.445488,10
1779607244.583852,11
1779607244.585812,11
1779607244.712369,11
1779607244.712951,11
1779607244.845667,10
1779607244.846026,10
1779607244.966473,11
1779607244.966811,11
1779607245.091333,13
1779607245.091796,12
1779607245.223636,12
1779607245.224039,12
1779607245.336823,13
1779607245.338016,13
1779607245.451242,14
1779607245.453320,13
1779607245.568540,13
1779607245.569441,13
1779607245.690880,13
1779607245.691237,13
1779607245.815893,14
1779607245.816332,14
1779607245.936095,14
1779607245.936648,14
1779607246.080024,15
1779607246.080817,15
1779607246.201955,15
1779607246.202449,15
1779607246.330404,17
1779607246.331526,17
1779607246.457537,17
1779607246.458163,17
1779607246.615320,15
1779607246.615743,15
1779607246.736840,15
1779607246.737556,15
1779607246.878622,16
1779607246.880170,16
1779607247.008689,16
1779607247.009227,16
1779607247.133906,16
1779607247.134368,16
1779607247.255643,17
1779607247.256177,17
1779607247.400325,19
1779607247.400749,19
1779607247.531650,18
1779607247.534723,18
1779607247.658494,19
1779607247.659381,18
1779607247.776695,17
1779607247.777537,17
1779607247.905440,19
1779607247.905795,19
1779607248.032925,19
1779607248.033586,18
1779607248.155445,20
1779607248.155949,19
1779607248.274430,20
1779607248.275500,20
1779607248.413392,19
1779607248.413773,19
1779607248.522803,20
1779607248.523233,20
1779607248.658269,18
1779607248.658849,18
1779607248.776831,18
1779607248.778026,19
1779607248.900207,18
1779607248.900767,18
1779607249.039043,18
1779607249.040036,18
1779607249.146893,18
1779607249.147063,18
1779607249.253120,15
1779607249.253398,15
1779607249.365559,14
1779607249.366127,14
1779607249.488110,12
1779607249.489342,12
1779607249.626206,14
1779607249.626698,14
1779607249.763964,14
1779607249.764236,14
1779607249.876933,15
1779607249.877505,15
1779607249.993031,12
1779607249.996938,12
1779607250.103356,16
1779607250.103529,16
1779607250.210530,13
1779607250.210711,13
1779607250.315555,14
1779607250.315785,14
1779607250.425448,14
1779607250.425862,14
1779607250.551566,13
1779607250.552138,13
1779607250.700129,14
1779607250.700921,14
1779607250.822841,15
1779607250.823480,15
1779607250.943564,15
1779607250.944028,15
1779607251.079622,15
1779607251.080072,15
1779607251.198282,16
1779607251.198573,16
1779607251.322623,14
1779607251.322880,14
1779607251.454063,15
1779607251.454332,15
1779607251.568520,15
1779607251.570345,15
1779607251.709612,18
1779607251.710026,18
1779607251.830771,17
1779607251.831227,18
1779607251.951543,18
1779607251.951937,17
1779607252.071054,18
1779607252.071512,17
1779607252.188360,16
1779607252.188938,16
1779607252.322669,18
1779607252.325143,18
1779607252.444905,17
1779607252.445262,17
1779607252.566870,19
1779607252.567287,19
1779607252.694600,19
1779607252.695045,19
1779607252.818586,18
1779607252.820107,18
1779607252.955096,18
1779607252.955648,18
1779607253.098344,18
1779607253.098659,18
1779607253.243242,19
1779607253.244675,19
1779607253.372757,19
1779607253.373841,19
1779607253.498889,19
1779607253.499871,19
1779607253.626497,18
1779607253.627078,18
1779607253.777340,18
1779607253.777655,18
1779607253.907039,20
1779607253.908889,20
1779607254.021621,20
1779607254.021976,20
1779607254.153153,19
1779607254.155710,19
1779607254.288367,11
1779607254.289068,12
1779607254.401493,11
1779607254.402097,11
1779607254.521070,11
1779607254.521666,11
1779607254.632560,10
1779607254.633662,10
1779607254.762985,11
1779607254.765340,11
1779607254.892367,12
1779607254.894048,12
1779607255.022140,12
1779607255.022593,12
1779607255.165338,12
1779607255.165661,11
1779607255.313194,13
1779607255.313561,13
1779607255.454589,16
1779607255.454933,16
1779607255.585313,17
1779607255.586332,17
1779607255.714524,14
1779607255.714798,14
1779607255.838995,15
1779607255.844679,15
1779607255.943278,14
1779607255.958838,17
1779607256.047207,18
1779607256.076783,17
1779607256.165074,17
1779607256.203081,16
1779607256.292469,17
1779607256.328518,17
1779607256.406486,17
1779607256.450920,15
1779607256.518964,18
1779607256.580293,18
1779607256.632834,18
1779607256.717667,16
1779607256.735372,16
1779607256.835146,18
1779607256.843814,19
1779607256.940786,18
1779607256.958106,18
1779607257.054416,16
1779607257.075689,16
1779607257.170740,17
1779607257.189877,18
1779607257.275438,17
1779607257.301781,17
1779607257.390805,17
1779607257.412667,18
1779607257.547735,18
1779607257.548335,18
1779607257.677751,20
1779607257.678121,20
1779607257.792693,18
1779607257.793351,18
1779607257.927497,18
1779607257.927813,18
1779607258.047527,19
1779607258.047912,19
1779607258.170144,18
1779607258.171983,18
1779607258.328415,19
1779607258.328658,19
1779607258.435348,19
1779607258.435967,19
1779607258.574384,20
1779607258.574987,20
1779607258.700002,19
1779607258.700927,19
1779607258.816288,18
1779607258.816801,18
1779607258.938034,20
1779607258.938498,20
1779607259.063102,19
1779607259.063717,19
1779607259.188102,19
1779607259.188725,19
1779607259.315633,12
1779607259.316091,11
1779607259.454011,11
1779607259.454616,11
1779607259.584939,11
1779607259.585389,12
1779607259.741515,12
1779607259.742641,12
1779607259.875237,10
1779607259.875656,10
1779607259.998450,11
1779607259.998827,11
1779607260.118427,13
1779607260.119302,13
1779607260.255552,13
1779607260.255991,12
1779607260.400256,12
1779607260.400809,12
1779607260.535143,13
1779607260.535626,12
1779607260.704387,13
1779607260.705538,14
1779607260.849059,15
1779607260.849456,15
1779607260.961894,15
1779607260.963797,15
1779607261.095670,15
1779607261.096342,15
1779607261.236605,14
1779607261.237064,14
1779607261.381263,16
1779607261.381741,16
1779607261.506108,16
1779607261.506594,16
1779607261.645405,17
1779607261.646020,15
1779607261.759496,16
1779607261.759720,16
1779607261.877281,17
1779607261.877742,17
1779607262.009157,17
1779607262.009674,17
1779607262.138971,20
1779607262.139433,20
1779607262.270974,20
1779607262.271303,20
1779607262.408683,19
1779607262.409368,19
1779607262.534442,20
1779607262.535021,20
1779607262.660902,20
1779607262.661500,20
1779607262.785941,18
1779607262.786821,18
1779607262.907714,14
1779607262.908174,13
1779607263.027758,10
1779607263.028218,10
1779607263.151146,7
1779607263.151848,7
1779607263.278183,5
1779607263.278867,6
1779607263.421067,5
1779607263.421474,5
1779607263.553762,6
1779607263.554347,6
1779607263.687152,7
1779607263.687504,7
1779607263.845283,7
1779607263.845590,7
1779607263.990294,8
1779607263.990763,8
1779607264.128736,8
1779607264.131628,8
1779607264.251060,9
1779607264.251818,9
1779607264.379018,9
1779607264.379576,9
1779607264.507909,10
1779607264.508624,10
1779607264.633621,11
1779607264.635419,11
1779607264.775636,11
1779607264.776386,11
1779607264.921606,10
1779607264.925102,10
1779607265.049876,11
1779607265.050262,11
1779607265.181101,12
1779607265.182202,12
1779607265.311164,12
1779607265.312201,12
1779607265.453440,12
1779607265.454146,12
1779607265.595993,13
1779607265.596601,13
1779607265.741488,14
1779607265.742808,13
1779607265.859041,14
1779607265.859623,14
1779607265.983936,15
1779607265.986073,15
1779607266.125473,16
1779607266.127384,14
1779607266.257309,16
1779607266.257792,14
1779607266.386135,15
1779607266.387478,15
1779607266.514575,16
1779607266.515122,16
1779607266.640229,15
1779607266.640854,15
1779607266.768112,16
1779607266.769182,16
1779607266.899908,16
1779607266.900978,16
1779607267.032396,16
1779607267.033844,16
1779607267.162708,17
1779607267.163211,17
1779607267.291688,17
1779607267.292074,17
1779607267.411471,19
1779607267.412069,19
1779607267.545381,17
1779607267.545917,18
1779607267.657796,17
1779607267.658287,17
1779607267.803826,19
1779607267.804818,19
1779607267.931373,19
1779607267.932009,19
1779607268.055965,19
1779607268.056659,19
1779607268.199153,18
1779607268.201796,18
1779607268.308646,18
1779607268.309236,18
1779607268.438436,19
1779607268.438842,19
1779607268.589646,20
1779607268.590006,20
1779607268.718636,19
1779607268.719187,19
1779607268.844544,15
1779607268.844973,15
1779607268.974724,14
1779607268.975918,14
1779607269.093447,11
1779607269.093860,11
1779607269.209748,7
1779607269.210435,7
1779607269.344766,9
1779607269.345813,9
1779607269.463858,6
1779607269.464958,9
1779607269.600706,7
1779607269.601184,6
1779607269.728937,7
1779607269.729552,8
1779607269.849680,7
1779607269.850173,7
1779607269.978617,8
1779607269.979172,9
1779607270.089275,9
1779607270.090083,9
1779607270.204301,8
1779607270.205356,8
1779607270.333200,11
1779607270.334704,10
1779607270.462796,11
1779607270.463162,11
1779607270.591882,11
1779607270.592791,11
1779607270.705693,11
1779607270.706167,11
1779607270.831012,12
1779607270.831503,12
1779607270.950163,12
1779607270.950669,12
1779607271.080563,11
1779607271.081305,11
1779607271.222836,13
1779607271.223059,13
1779607271.366931,13
1779607271.367868,12
1779607271.498493,13
1779607271.499278,13
1779607271.627179,14
1779607271.627746,14
1779607271.759442,14
1779607271.760126,14
1779607271.893644,14
1779607271.894039,14
1779607272.036598,14
1779607272.037111,14
1779607272.183959,14
1779607272.184760,14
1779607272.305839,14
1779607272.306870,14
1779607272.441415,17
1779607272.442049,17
1779607272.569591,15
1779607272.570422,15
1779607272.699760,15
1779607272.700133,16
1779607272.840217,15
1779607272.841532,16
1779607272.953175,16
1779607272.953436,17
1779607273.083768,18
1779607273.084274,17
1779607273.208325,17
1779607273.209069,17
1779607273.337557,18
1779607273.338636,18
1779607273.452804,17
1779607273.453361,16
1779607273.570602,17
1779607273.571203,18
1779607273.694568,17
1779607273.695123,17
1779607273.812633,17
1779607273.813039,18
1779607273.929942,18
1779607273.930387,18
1779607274.068191,17
1779607274.069035,17
1779607274.184131,19
1779607274.184746,19
1779607274.308745,19
1779607274.309583,20
1779607274.420153,19
1779607274.423004,19
1779607274.534317,20
1779607274.540474,19
1779607274.687386,19
1779607274.688705,19
1779607274.796579,19
1779607274.797323,19
1779607274.918196,20
1779607274.919009,20
1779607275.031722,17
1779607275.032064,17
1779607275.154115,9
1779607275.154446,9
1779607275.274458,6
1779607275.274959,6
1779607275.398724,5
1779607275.399163,7
1779607275.539809,6
1779607275.540269,6
1779607275.678832,8
1779607275.679462,7
1779607275.806822,8
1779607275.807303,8
1779607275.935585,7
1779607275.936086,7
1779607276.086895,9
1779607276.087274,9
1779607276.209193,12
1779607276.209648,11
1779607276.329849,12
1779607276.330158,13
1779607276.440969,11
1779607276.441201,11
1779607276.558875,10
1779607276.559376,10
1779607276.685492,14
1779607276.687249,13
1779607276.821958,11
1779607276.822703,10
1779607276.941141,12
1779607276.943122,12
1779607277.061214,12
1779607277.061677,13
1779607277.188221,13
1779607277.190074,13
1779607277.327862,13
1779607277.328755,13
1779607277.444281,12
1779607277.445215,12
1779607277.595572,13
1779607277.596370,13
1779607277.729805,13
1779607277.730366,14
1779607277.849877,14
1779607277.850278,13
1779607277.990645,13
1779607277.991317,13
1779607278.111897,14
1779607278.112690,14
1779607278.237514,14
1779607278.238099,14
1779607278.362768,16
1779607278.363452,16
1779607278.504560,15
1779607278.504977,15
1779607278.632864,16
1779607278.633299,16
1779607278.785582,17
1779607278.786155,17
1779607278.946312,16
1779607278.946596,16
1779607279.073805,16
1779607279.074690,16
1779607279.190712,17
1779607279.191015,17
1779607279.347054,16
1779607279.347455,16
1779607279.463756,17
1779607279.464147,18
1779607279.599105,18
1779607279.600773,18
1779607279.720673,19
1779607279.721489,19
1779607279.865966,17
1779607279.866460,17
1779607280.009664,17
1779607280.010060,18
1779607280.139657,20
1779607280.140287,20
1779607280.288625,19
1779607280.289686,20
1779607280.414531,20
1779607280.414893,19
1779607280.518096,17
1779607280.518866,17
1779607280.642875,18
1779607280.644324,18
1779607280.789678,19
1779607280.790127,19
1779607280.929245,19
1779607280.929759,19
1779607281.050225,17
1779607281.051229,18
1779607281.176297,12
1779607281.176707,13
1779607281.323570,12
1779607281.323897,12
1779607281.467356,10
1779607281.467777,10
1779607281.590395,10
1779607281.590641,10
1779607281.710380,11
1779607281.710798,10
1779607281.866647,12
1779607281.867008,13
1779607281.983810,13
1779607281.984101,13
1779607282.117962,15
1779607282.118920,15
1779607282.245253,15
1779607282.245761,15
1779607282.361570,14
1779607282.362790,14
1779607282.495343,17
1779607282.495931,15
1779607282.624293,16
1779607282.626620,16
1779607282.748260,18
1779607282.749055,17
1779607282.878318,16
1779607282.879178,16
1779607282.995772,16
1779607282.996638,16
1779607283.118837,16
1779607283.119787,16
1779607283.247234,20
1779607283.247695,20
1779607283.383632,19
1779607283.384819,19
1779607283.511525,17
1779607283.511908,17
1779607283.638631,17
1779607283.639168,17
1779607283.768048,16
1779607283.769449,17
1779607283.911155,16
1779607283.911728,16
1779607284.034811,16
1779607284.035132,16
1779607284.175070,17
1779607284.175415,17
1779607284.312937,18
1779607284.313443,18
1779607284.461154,17
1779607284.462409,17
1779607284.594921,19
1779607284.595377,18
1779607284.723199,18
1779607284.723700,18
1779607284.847276,18
1779607284.847720,19
1779607284.991080,20
1779607284.991699,20
1779607285.122931,18
1779607285.123881,18
1779607285.255688,20
1779607285.256117,19
1779607285.388309,19
1779607285.389329,18
1779607285.514389,20
1779607285.514810,20
1779607285.662748,19
1779607285.663148,19
1779607285.820096,20
1779607285.820960,20
1779607285.967386,19
1779607285.968560,19
1779607286.112585,20
1779607286.113149,20
1779607286.232852,19
1779607286.233076,19
1779607286.346029,16
1779607286.346348,16
1779607286.455226,12
1779607286.455499,12
1779607286.569635,9
1779607286.569971,11
1779607286.707122,11
1779607286.707600,11
1779607286.839247,11
1779607286.839768,11
1779607286.968984,12
1779607286.970767,12
1779607287.103768,11
1779607287.104564,11
1779607287.241516,11
1779607287.241805,11
1779607287.392840,13
1779607287.393313,13
1779607287.514567,13
1779607287.515743,13
1779607287.631126,14
1779607287.631515,14
1779607287.771901,13
1779607287.772739,13
1779607287.895283,14
1779607287.895918,14
1779607288.026195,13
1779607288.026583,13
1779607288.144552,15
1779607288.146018,15
1779607288.260782,14
1779607288.261961,14
1779607288.386507,15
1779607288.387346,15
1779607288.508608,16
1779607288.509073,16
1779607288.644068,17
1779607288.644801,17
1779607288.794260,18
1779607288.794640,18
1779607288.940772,19
1779607288.941237,19
1779607289.070843,17
1779607289.072555,17
1779607289.191664,17
1779607289.192078,17
1779607289.337360,15
1779607289.340021,15
1779607289.477648,17
1779607289.480888,16
1779607289.601112,16
1779607289.601577,15
1779607289.722251,11
1779607289.722880,11
1779607289.851310,13
1779607289.855454,11
1779607289.965627,10
1779607289.966163,10
1779607290.093499,9
1779607290.093994,9
1779607290.222163,11
1779607290.222638,11
1779607290.376609,10
1779607290.377121,10
1779607290.494402,10
1779607290.494664,10
1779607290.597243,10
1779607290.598041,10
1779607290.740339,12
1779607290.741226,12
1779607290.874411,12
1779607290.875232,13
1779607290.992379,12
1779607290.992788,12
1779607291.108881,14
1779607291.109572,14
1779607291.235575,13
1779607291.235878,13
1779607291.367956,14
1779607291.368682,14
1779607291.494646,13
1779607291.495334,13
1779607291.605789,15
1779607291.606017,14
1779607291.735523,15
1779607291.736151,14
1779607291.881062,14
1779607291.881506,14
1779607292.011457,14
1779607292.012071,14
1779607292.170522,15
1779607292.171826,16
1779607292.287629,15
1779607292.288050,15
1779607292.421443,15
1779607292.421878,15
1779607292.557720,15
1779607292.559210,15
1779607292.665392,16
1779607292.668519,16
1779607292.784265,17
1779607292.785023,17
1779607292.920126,17
1779607292.925216,18
1779607293.056315,17
1779607293.056969,17
1779607293.181822,17
1779607293.182336,19
1779607293.306645,18
1779607293.307187,17
1779607293.437249,18
1779607293.439718,17
1779607293.587384,18
1779607293.588077,18
1779607293.715821,18
1779607293.716853,18
1779607293.829821,19
1779607293.830145,19
1779607293.954175,19
1779607293.954620,18
1779607294.069377,18
1779607294.070297,18
1779607294.197474,19
1779607294.198009,19
1779607294.322728,19
1779607294.323328,19
1779607294.445941,19
1779607294.446468,19
1779607294.585696,18
1779607294.587210,18
1779607294.712298,18
1779607294.712766,18
1779607294.835255,17
1779607294.835596,17
1779607294.953850,15
1779607294.956528,14
1779607295.080964,11
1779607295.081320,10
1779607295.194530,13
1779607295.194864,13
1779607295.315195,13
1779607295.315598,14
1779607295.447988,12
1779607295.449185,12
1779607295.601085,15
1779607295.601783,15
1779607295.723399,16
1779607295.723886,16
1779607295.841628,14
1779607295.841971,13
1779607295.955728,14
1779607295.956008,14
1779607296.090011,16
1779607296.090367,16
1779607296.221513,16
1779607296.222206,16
1779607296.351768,15
1779607296.352275,15
1779607296.491253,16
1779607296.491830,16
1779607296.614195,15
1779607296.615024,14
1779607296.742514,15
1779607296.742938,15
1779607296.872095,14
1779607296.873317,14
1779607296.999057,16
1779607296.999610,16
1779607297.121927,17
1779607297.122221,17
1779607297.239171,17
1779607297.239688,17
1779607297.358920,16
1779607297.359324,16
1779607297.500819,17
1779607297.501354,16
1779607297.661652,17
1779607297.662139,17
1779607297.785353,17
1779607297.785902,17
1779607297.923787,18
1779607297.927259,18
1779607298.059267,16
1779607298.059734,16
1779607298.212551,18
1779607298.213575,18
1779607298.343723,18
1779607298.344322,18
1779607298.501938,18
1779607298.502214,18
1779607298.615355,18
1779607298.615728,18
1779607298.751368,19
1779607298.752024,19
1779607298.892360,19
1779607298.893680,19
1779607299.081841,18
1779607299.082265,18
1779607299.200160,18
1779607299.201950,18
1779607299.342865,20
1779607299.350527,19
1779607299.470742,18
1779607299.473423,18
1779607299.603494,19
1779607299.604075,20
1779607299.736983,16
1779607299.737543,16
1779607299.864367,12
1779607299.865324,12
1779607299.996942,9
1779607299.997460,9
1779607300.127102,10
1779607300.127452,10
1779607300.259664,12
1779607300.261034,11
1779607300.373306,11
1779607300.373703,11
1779607300.524466,11
1779607300.525349,11
1779607300.650062,11
1779607300.651273,12
1779607300.785519,12
1779607300.785963,12
1779607300.903671,14
1779607300.904377,14
1779607301.018379,13
1779607301.018696,13
1779607301.143987,13
1779607301.144325,13
1779607301.265809,13
1779607301.266982,14
1779607301.382762,15
1779607301.383009,15
1779607301.530279,16
1779607301.531027,16
1779607301.662416,18
1779607301.665282,18
1779607301.790086,17
1779607301.790588,17
1779607301.944230,16
1779607301.946100,17
1779607302.063053,18
1779607302.063411,18
1779607302.191478,19
1779607302.192036,19
1779607302.307827,20
1779607302.308043,20
1779607302.470608,19
1779607302.470915,19
1779607302.605304,19
1779607302.605599,19
1779607302.734136,19
1779607302.735706,19
1779607302.869119,19
1779607302.869687,19
1779607303.002430,20
1779607303.002713,20
1779607303.133182,17
1779607303.133737,17
1779607303.253024,18
1779607303.253564,18
1779607303.383963,15
1779607303.384321,15
1779607303.504318,13
1779607303.504917,12
1779607303.649719,8
1779607303.650359,8
1779607303.781279,9
1779607303.782279,9
1779607303.933319,10
1779607303.934336,10
1779607304.051468,9
1779607304.052578,9
1779607304.165130,10
1779607304.166499,10
1779607304.281009,11
1779607304.283536,12
1779607304.410747,12
1779607304.411354,12
1779607304.553484,12
1779607304.554035,13
1779607304.702299,12
1779607304.704283,13
1779607304.842228,12
1779607304.843243,12
1779607304.961344,12
1779607304.961728,12
1779607305.087032,16
1779607305.088626,15
1779607305.209989,16
1779607305.210602,16
1779607305.332625,14
1779607305.333156,15
1779607305.453208,15
1779607305.454105,15
1779607305.587743,14
1779607305.592198,14
1779607305.739958,15
1779607305.740942,15
1779607305.889048,15
1779607305.889629,15
1779607305.994023,15
1779607305.994226,15
1779607306.107685,15
1779607306.108814,16
1779607306.233616,15
1779607306.234092,15
1779607306.358783,16
1779607306.359215,16
1779607306.478088,17
1779607306.478611,18
1779607306.630848,16
1779607306.631726,16
1779607306.752956,17
1779607306.753829,16
1779607306.886470,17
1779607306.887147,17
1779607307.000516,18
1779607307.001992,18
1779607307.146296,18
1779607307.146768,18
1779607307.264369,18
1779607307.265083,19
1779607307.390917,17
1779607307.391325,17
1779607307.534849,18
1779607307.535466,18
1779607307.659315,20
1779607307.659753,20
1779607307.787395,19
1779607307.787817,19
1779607307.968109,18
1779607307.972583,19
1779607308.073772,18
1779607308.077960,20
1779607308.226544,20
1779607308.227612,20
1779607308.360597,19
1779607308.363672,19
1779607308.500032,20
1779607308.500549,18
1779607308.620845,19
1779607308.621377,19
1779607308.770185,15
1779607308.770777,16
1779607308.888317,16
1779607308.889037,16
1779607309.014230,10
1779607309.015358,10
1779607309.165391,11
1779607309.166336,11
1779607309.310348,12
1779607309.313469,11
1779607309.434838,11
1779607309.435084,11
1779607309.558768,11
1779607309.559137,11
1779607309.701910,12
1779607309.702581,12
1779607309.835123,13
1779607309.835671,12
1779607309.949931,13
1779607309.950902,13
1779607310.092965,13
1779607310.094242,13
1779607310.225815,15
1779607310.226242,14
1779607310.343364,15
1779607310.344153,15
1779607310.467144,17
1779607310.467863,17
1779607310.616230,17
1779607310.618657,17
1779607310.744676,17
1779607310.745235,17
1779607310.866260,16
1779607310.866749,16
1779607310.978428,17
1779607310.978688,17
1779607311.083983,18
1779607311.084660,17
1779607311.205413,18
1779607311.205782,19
1779607311.339030,19
1779607311.339510,19
1779607311.466641,18
1779607311.467060,19
1779607311.591461,17
1779607311.591924,17
1779607311.715401,17
1779607311.715885,17
1779607311.856781,18
1779607311.857417,18
1779607311.993156,19
1779607311.993735,19
1779607312.113194,18
1779607312.114582,17
1779607312.230392,18
1779607312.230866,18
1779607312.361300,18
1779607312.361827,18
1779607312.480200,17
1779607312.481032,17
1779607312.611754,19
1779607312.612390,19
1779607312.738772,20
1779607312.739627,19
1779607312.859850,19
1779607312.860345,19
1779607312.983436,19
1779607312.983848,19
1779607313.109508,19
1779607313.109960,19
1779607313.259918,19
1779607313.260614,19
1779607313.389272,20
1779607313.389910,20
1779607313.509712,19
1779607313.511125,19
1779607313.676793,19
1779607313.677090,19
1779607313.802311,19
1779607313.804034,19
1779607313.929827,18
1779607313.931767,18
1779607314.048615,15
1779607314.050009,14
1779607314.176764,11
1779607314.177387,11
1779607314.309915,11
1779607314.311097,11
1779607314.443353,12
1779607314.444009,12
1779607314.585471,10
1779607314.588784,10
1779607314.707811,12
1779607314.708156,12
1779607314.851351,13
1779607314.851750,12
1779607314.986942,12
1779607314.988805,12
1779607315.119263,14
1779607315.129352,14
1779607315.235191,13
1779607315.237124,12
1779607315.357405,12
1779607315.358904,12
1779607315.484067,12
1779607315.484941,13
1779607315.613909,15
1779607315.614962,15
1779607315.759854,14
1779607315.762381,14
1779607315.885049,14
1779607315.885467,14
1779607316.010786,15
1779607316.012085,15
1779607316.153143,15
1779607316.153579,15
1779607316.270988,16
1779607316.271362,15
1779607316.407687,15
1779607316.408154,15
1779607316.545222,18
1779607316.546030,18
1779607316.661447,17
1779607316.662097,17
1779607316.796673,19
1779607316.797043,19
1779607316.953517,20
1779607316.953774,20
1779607317.099972,17
1779607317.100323,20
1779607317.233676,19
1779607317.234730,19
1779607317.366806,19
1779607317.367109,19
1779607317.476669,18
1779607317.476912,18
1779607317.585595,18
1779607317.585863,18
1779607317.715641,17
1779607317.717134,17
1779607317.842859,18
1779607317.843134,18
1779607317.967870,15
1779607317.968363,15
1779607318.095682,10
1779607318.096077,10
1779607318.216832,10
1779607318.217844,10
1779607318.350698,11
1779607318.351746,11
1779607318.474046,10
1779607318.475387,10
1779607318.591568,12
1779607318.591840,12
1779607318.708573,11
1779607318.708840,12
1779607318.813976,11
1779607318.814459,11
1779607318.967710,11
1779607318.971447,12
1779607319.079435,11
1779607319.079796,11
1779607319.197274,11
1779607319.197983,11
1779607319.335305,13
1779607319.339148,14
1779607319.452993,13
1779607319.453412,13
1779607319.568970,13
1779607319.570220,13
1779607319.686281,14
1779607319.686667,14
1779607319.829502,15
1779607319.830359,15
1779607319.953393,15
1779607319.953804,15
1779607320.068553,14
1779607320.068743,14
1779607320.197260,15
1779607320.197587,15
1779607320.344282,15
1779607320.344857,16
1779607320.490987,16
1779607320.491353,16
1779607320.623553,16
1779607320.626518,16
1779607320.752905,16
1779607320.754125,16
1779607320.886641,17
1779607320.886970,17
1779607320.991615,16
1779607320.992092,16
1779607321.116675,18
1779607321.117041,18
1779607321.245530,18
1779607321.246425,18
1779607321.401849,18
1779607321.405448,17
1779607321.516304,18
1779607321.518133,17
1779607321.630046,19
1779607321.630593,19
1779607321.765665,18
1779607321.766538,19
1779607321.890063,19
1779607321.891051,19
1779607322.022640,19
1779607322.023009,20
1779607322.160042,18
1779607322.160637,18
1779607322.276098,18
1779607322.277519,18
1779607322.404128,19
1779607322.404580,19
1779607322.549112,20
1779607322.550363,20
1779607322.681272,19
1779607322.681718,20
1779607322.818825,18
1779607322.819212,19
1779607322.943567,19
1779607322.943927,19
1779607323.053438,19
1779607323.054117,19
1779607323.174720,16
1779607323.175668,16
1779607323.316570,15
1779607323.317402,16
1779607323.452584,11
1779607323.452872,11
1779607323.560698,13
1779607323.561196,13
1779607323.683205,14
1779607323.683603,15
1779607323.807106,14
1779607323.807454,14
1779607323.927666,12
1779607323.930191,12
1779607324.071217,13
1779607324.071598,13
1779607324.183066,15
1779607324.184123,16
1779607324.301667,16
1779607324.302600,16
1779607324.412758,15
1779607324.413121,15
1779607324.527592,15
1779607324.527941,15
1779607324.640384,14
1779607324.641601,14
1779607324.758436,14
1779607324.758862,14
1779607324.897776,14
1779607324.898417,14
1779607325.032810,13
1779607325.033448,15
1779607325.168663,15
1779607325.169802,15
1779607325.303427,16
1779607325.304377,16
1779607325.440740,15
1779607325.441643,15
1779607325.580953,16
1779607325.581866,15
1779607325.708300,17
1779607325.709459,17
1779607325.832355,17
1779607325.832893,17
1779607325.974982,18
1779607325.975500,18
1779607326.107604,16
1779607326.107979,16
1779607326.227676,19
1779607326.228202,18
1779607326.364996,19
1779607326.365716,19
1779607326.500276,18
1779607326.500802,18
1779607326.629480,18
1779607326.629908,18
1779607326.768244,18
1779607326.768860,18
1779607326.923955,20
1779607326.924277,20
1779607327.067610,18
1779607327.068021,18
1779607327.196105,18
1779607327.196745,18
1779607327.351230,19
1779607327.351610,19
1779607327.498621,20
1779607327.499848,20
1779607327.611881,18
1779607327.612175,19
1779607327.749865,18
1779607327.750328,18
1779607327.902012,18
1779607327.902778,18
1779607328.013398,19
1779607328.013845,19
1779607328.138789,16
1779607328.139139,16
1779607328.260763,15
1779607328.261201,15
1779607328.389836,11
1779607328.390332,11
1779607328.517193,11
1779607328.518103,11
1779607328.640519,12
1779607328.640887,12
1779607328.780704,10
1779607328.781495,10
1779607328.904783,11
1779607328.905281,11
1779607329.034516,12
1779607329.035021,12
1779607329.193224,12
1779607329.193512,12
1779607329.314756,14
1779607329.315118,14
1779607329.433662,14
1779607329.434003,14
1779607329.579900,12
1779607329.581431,12
1779607329.707802,17
1779607329.709294,17
1779607329.846529,15
1779607329.848492,15
1779607329.978667,17
1779607329.978991,17
1779607330.113626,16
1779607330.114078,17
1779607330.236646,18
1779607330.237005,18
1779607330.400917,16
1779607330.401326,16
1779607330.523411,18
1779607330.524120,18
1779607330.665717,18
1779607330.666118,18
1779607330.794894,19
1779607330.796054,19
1779607330.926916,17
1779607330.927228,18
1779607331.056350,18
1779607331.056785,18
1779607331.204119,18
1779607331.204587,18
1779607331.363137,16
1779607331.363436,16
1779607331.509402,18
1779607331.509907,18
1779607331.642331,18
1779607331.642916,18
1779607331.764935,18
1779607331.765450,18
1779607331.910499,18
1779607331.911092,18
1779607332.061577,19
1779607332.062012,19
1779607332.173723,20
1779607332.174803,20
1779607332.301377,19
1779607332.301781,19
1779607332.421740,19
1779607332.422486,19
1779607332.541819,18
1779607332.542658,18
1779607332.670187,18
1779607332.670506,18
1779607332.796213,19
1779607332.796803,20
1779607332.926999,20
1779607332.927447,20
1779607333.059583,19
1779607333.059943,19
1779607333.197494,19
1779607333.198177,19
1779607333.353119,18
1779607333.353511,18
1779607333.471590,16
1779607333.472189,15
1779607333.582709,11
1779607333.582945,11
1779607333.711477,12
1779607333.711841,12
1779607333.854799,10
1779607333.855227,11
1779607333.983347,11
1779607333.983971,11
1779607334.111351,13
1779607334.112245,12
1779607334.246960,13
1779607334.247391,13
1779607334.387889,12
1779607334.388270,12
1779607334.514568,13
1779607334.515134,13
1779607334.656293,13
1779607334.661588,14
1779607334.765913,14
1779607334.768838,13
1779607334.893932,13
1779607334.894472,13
1779607335.024756,14
1779607335.025481,14
1779607335.152946,13
1779607335.153498,15
1779607335.292013,14
1779607335.293442,14
1779607335.437520,14
1779607335.438011,14
1779607335.593367,15
1779607335.595896,15
1779607335.720710,16
1779607335.721249,16
1779607335.855207,16
1779607335.855657,16
1779607335.983349,17
1779607335.983742,15
1779607336.114424,17
1779607336.114883,17
1779607336.235949,16
1779607336.236377,16
1779607336.361026,19
1779607336.362438,20
1779607336.473358,19
1779607336.473771,19
1779607336.615958,17
1779607336.616370,17
1779607336.749941,17
1779607336.750380,17
1779607336.869689,15
1779607336.870084,15
1779607337.008294,13
1779607337.008635,13
1779607337.140658,10
1779607337.141088,10
1779607337.275323,12
1779607337.278300,13
1779607337.410241,11
1779607337.410748,11
1779607337.521090,10
1779607337.521317,10
1779607337.637688,10
1779607337.637969,10
1779607337.769483,10
1779607337.772603,10
1779607337.910022,11
1779607337.910779,10
1779607338.034119,11
1779607338.034553,11
1779607338.179927,12
1779607338.180284,12
1779607338.283902,12
1779607338.284986,12
1779607338.398803,12
1779607338.399223,12
1779607338.516476,13
1779607338.516828,13
1779607338.636200,13
1779607338.636614,13
1779607338.765712,13
1779607338.766236,13
1779607338.886993,13
1779607338.887357,13
1779607339.031089,13
1779607339.031548,13
1779607339.163985,16
1779607339.164971,15
1779607339.294109,14
1779607339.294628,14
1779607339.423366,14
1779607339.423822,14
1779607339.544679,15
1779607339.545214,15
1779607339.667435,16
1779607339.667950,16
1779607339.804764,16
1779607339.805915,15
1779607339.926290,15
1779607339.926760,16
1779607340.053291,16
1779607340.053986,16
1779607340.200229,17
1779607340.200588,18
1779607340.322215,17
1779607340.323360,17
1779607340.457112,16
1779607340.457451,16
1779607340.585742,17
1779607340.588487,17
1779607340.707870,17
1779607340.708359,17
1779607340.830783,18
1779607340.831279,18
1779607340.954544,18
1779607340.954965,18
1779607341.086005,18
1779607341.086806,19
1779607341.240074,18
1779607341.240501,18
1779607341.385675,20
1779607341.385990,20
1779607341.545424,19
1779607341.545708,19
1779607341.682019,20
1779607341.682543,20
1779607341.809098,19
1779607341.809560,20
1779607341.960112,19
1779607341.960844,19
1779607342.103343,19
1779607342.103824,19
1779607342.241723,19
1779607342.242645,19
1779607342.362859,19
1779607342.363522,19
1779607342.477354,19
1779607342.477643,19
1779607342.606251,13
1779607342.607826,14
1779607342.725398,14
1779607342.726262,14
1779607342.848837,6
1779607342.850598,6
1779607342.975675,9
1779607342.976120,9
1779607343.103951,7
1779607343.105625,7
1779607343.217789,10
1779607343.220268,9
1779607343.338299,8
1779607343.342258,8
1779607343.461760,7
1779607343.462179,7
1779607343.580640,8
1779607343.580999,9
1779607343.718541,9
1779607343.718996,8
1779607343.852806,9
1779607343.854706,9
1779607343.989141,10
1779607343.990093,10
1779607344.112345,11
1779607344.113368,11
1779607344.234787,12
1779607344.236005,12
1779607344.360588,11
1779607344.362913,11
1779607344.473803,11
1779607344.475317,11
1779607344.600120,12
1779607344.600878,13
1779607344.726736,11
1779607344.727611,11
1779607344.846812,12
1779607344.847199,13
1779607344.983680,13
1779607344.984194,13
1779607345.114440,12
1779607345.115556,12
1779607345.228292,14
1779607345.229751,14
1779607345.367622,15
1779607345.368087,15
1779607345.491417,15
1779607345.491948,15
1779607345.617450,14
1779607345.617935,14
1779607345.738003,15
1779607345.738462,15
1779607345.863644,15
1779607345.864190,14
1779607346.010004,16
1779607346.010550,16
1779607346.133009,17
1779607346.133679,16
1779607346.256360,16
1779607346.256891,17
1779607346.388691,16
1779607346.389180,16
1779607346.511553,16
1779607346.512070,16
1779607346.640217,18
1779607346.641580,18
1779607346.756691,17
1779607346.757167,17
1779607346.907757,17
1779607346.908310,17
1779607347.027355,17
1779607347.028144,17
1779607347.156604,17
1779607347.157988,18
1779607347.276927,19
1779607347.277415,19
1779607347.410565,18
1779607347.411146,18
1779607347.553317,18
1779607347.553645,18
1779607347.691315,19
1779607347.691859,19
1779607347.815993,20
1779607347.816810,20
1779607347.937934,20
1779607347.938462,20
1779607348.083033,19
1779607348.083375,19
1779607348.203413,19
1779607348.204000,19
1779607348.316130,18
1779607348.319112,18
1779607348.428333,20
1779607348.429830,19
1779607348.548805,20
1779607348.549017,20
1779607348.661999,20
1779607348.662362,20
1779607348.783378,20
1779607348.783852,20
1779607348.916867,19
1779607348.917454,19
1779607349.040276,12
1779607349.040952,12
1779607349.174200,10
1779607349.174679,10
1779607349.315862,12
1779607349.317030,12
1779607349.442128,13
1779607349.442497,13
1779607349.563340,11
1779607349.563704,12
1779607349.700386,13
1779607349.700922,12
1779607349.833956,11
1779607349.834447,11
1779607349.964323,14
1779607349.965378,14
1779607350.083418,13
1779607350.084067,12
1779607350.200462,13
1779607350.200946,13
1779607350.353159,14
1779607350.354455,14
1779607350.487944,16
1779607350.489128,14
1779607350.636184,16
1779607350.638436,16
1779607350.742256,16
1779607350.743414,16
1779607350.877846,14
1779607350.878064,14
1779607351.027557,18
1779607351.028203,18
1779607351.161822,18
1779607351.162447,18
1779607351.287814,17
1779607351.288029,17
1779607351.404800,17
1779607351.405315,17
1779607351.526615,18
1779607351.527381,20
1779607351.664505,19
1779607351.667331,19
1779607351.788137,16
1779607351.788807,16
1779607351.911584,17
1779607351.911860,17
1779607352.042817,15
1779607352.043331,15
1779607352.169413,14
1779607352.169919,14
1779607352.304662,11
1779607352.305207,11
1779607352.440674,8
1779607352.441079,8
1779607352.570921,9
1779607352.571549,9
1779607352.727951,10
1779607352.728824,10
1779607352.849200,10
1779607352.849635,10
1779607352.983134,10
1779607352.983876,10
1779607353.118212,10
1779607353.118728,10
1779607353.241145,10
1779607353.242156,10
1779607353.368725,12
1779607353.369364,12
1779607353.487324,11
1779607353.487576,11
1779607353.700398,12
1779607353.700828,12
1779607353.823658,12
1779607353.827086,13
1779607353.952008,14
1779607353.967621,13
1779607354.062373,13
1779607354.087619,14
1779607354.176157,13
1779607354.203811,13
1779607354.282682,13
1779607354.324626,14
1779607354.394832,14
1779607354.446623,15
1779607354.497640,14
1779607354.594361,15
1779607354.599762,15
1779607354.727918,15
1779607354.728364,15
1779607354.859466,16
1779607354.859920,16
1779607354.964293,15
1779607354.964633,15
1779607355.082744,16
1779607355.084710,16
1779607355.232974,16
1779607355.233420,16
1779607355.370100,17
1779607355.370700,17
1779607355.515219,16
1779607355.515728,16
1779607355.663558,18
1779607355.665734,18
1779607355.783622,17
1779607355.783938,17
1779607355.932287,17
1779607355.932788,17
1779607356.047920,17
1779607356.048138,17
1779607356.169954,20
1779607356.170437,20
1779607356.293377,20
1779607356.294046,18
1779607356.416157,18
1779607356.416841,18
1779607356.545064,19
1779607356.545706,19
1779607356.681077,19
1779607356.681625,19
1779607356.800642,19
1779607356.801183,20
1779607356.943390,19
1779607356.943701,19
1779607357.062284,19
1779607357.063270,19
1779607357.179061,19
1779607357.179438,19
1779607357.310130,18
1779607357.313368,17
1779607357.478775,16
1779607357.479341,16
1779607357.598608,15
1779607357.600140,15
1779607357.743045,11
1779607357.744900,11
1779607357.877465,9
1779607357.878010,9
1779607358.013981,10
1779607358.014465,10
1779607358.175147,10
1779607358.175561,10
1779607358.299072,10
1779607358.299436,10
1779607358.418957,12
1779607358.419319,13
1779607358.540569,14
1779607358.540867,14
1779607358.654147,14
1779607358.655419,14
1779607358.798638,15
1779607358.798985,15
1779607358.919807,16
1779607358.920248,15
1779607359.029204,14
1779607359.029530,14
1779607359.154578,17
1779607359.155811,17
1779607359.281544,16
1779607359.282121,16
1779607359.433359,17
1779607359.433891,17
1779607359.538598,15
1779607359.538877,15
1779607359.667250,16
1779607359.667910,15
1779607359.788825,14
1779607359.789294,14
1779607359.915692,15
1779607359.916175,15
1779607360.042944,15
1779607360.043628,15
1779607360.164637,16
1779607360.165010,16
1779607360.283024,16
1779607360.283370,16
1779607360.406159,18
1779607360.406450,18
1779607360.529900,17
1779607360.530256,17
1779607360.663061,16
1779607360.665527,18
1779607360.793390,16
1779607360.794036,16
1779607360.923108,18
1779607360.924321,18
1779607361.040702,18
1779607361.041059,18
1779607361.181844,18
1779607361.182267,18
1779607361.303646,19
1779607361.304181,18
1779607361.455013,18
1779607361.455520,18
1779607361.598456,20
1779607361.598927,19
1779607361.712923,19
1779607361.713528,19
1779607361.828315,18
1779607361.828857,18
1779607361.942153,19
1779607361.942663,19
1779607362.100858,19
1779607362.103279,19
1779607362.210011,19
1779607362.210326,19
1779607362.342907,20
1779607362.343380,20
1779607362.486973,19
1779607362.487418,19
1779607362.601770,18
1779607362.602314,18
1779607362.733437,20
1779607362.735153,18
1779607362.866434,19
1779607362.867007,19
1779607363.000270,19
1779607363.001110,19
1779607363.112576,19
1779607363.113445,19
1779607363.242365,15
1779607363.242675,15
1779607363.371671,12
1779607363.372070,12
1779607363.518218,11
1779607363.519704,11
1779607363.634212,12
1779607363.634851,12
1779607363.754931,13
1779607363.756302,13
1779607363.872350,12
1779607363.873020,12
1779607364.014048,13
1779607364.014511,13
1779607364.178711,13
1779607364.179173,13
1779607364.332183,12
1779607364.332574,13
1779607364.456642,14
1779607364.457248,14
1779607364.587285,15
1779607364.587730,15
1779607364.724677,15
1779607364.725298,15
1779607364.854222,18
1779607364.855307,18
1779607364.985225,18
1779607364.985689,20
1779607365.119639,19
1779607365.120032,19
1779607365.241477,16
1779607365.243161,16
1779607365.398148,19
1779607365.398582,19
1779607365.543180,15
1779607365.543488,15
1779607365.646201,16
1779607365.647289,16
1779607365.779149,16
1779607365.779635,14
1779607365.899824,14
1779607365.901623,13
1779607366.037098,10
1779607366.040183,10
1779607366.162010,9
1779607366.163438,8
1779607366.294577,9
1779607366.295191,9
1779607366.430940,10
1779607366.431315,10
1779607366.572626,11
1779607366.572956,11
1779607366.694920,11
1779607366.695862,11
1779607366.846200,11
1779607366.847326,11
1779607366.969695,12
1779607366.970503,12
1779607367.097032,11
1779607367.097639,11
1779607367.220763,11
1779607367.221528,11
1779607367.344303,12
1779607367.345072,12
1779607367.493356,13
1779607367.494120,13
1779607367.610638,13
1779607367.611122,13
1779607367.738129,13
1779607367.738671,13
1779607367.858420,14
1779607367.858932,14
1779607367.994784,15
1779607367.995271,15
1779607368.118383,14
1779607368.118724,14
1779607368.236931,16
1779607368.237306,16
1779607368.365247,15
1779607368.365659,15
1779607368.485648,16
1779607368.487548,16
1779607368.614923,15
1779607368.615220,16
1779607368.738262,17
1779607368.738609,17
1779607368.867866,17
1779607368.868697,17
1779607368.994934,18
1779607368.995522,17
1779607369.109657,16
1779607369.110043,16
1779607369.254784,16
1779607369.256126,16
1779607369.383157,17
1779607369.384065,17
1779607369.506566,19
1779607369.506987,19
1779607369.626896,17
1779607369.628104,17
1779607369.765631,17
1779607369.766122,17
1779607369.890370,20
1779607369.890795,18
1779607370.011458,19
1779607370.011838,19
1779607370.134889,20
1779607370.136903,19
1779607370.276521,19
1779607370.277933,19
1779607370.406798,19
1779607370.408928,20
1779607370.522225,19
1779607370.524102,20
1779607370.639716,19
1779607370.640143,19
1779607370.800123,19
1779607370.800677,19
1779607370.912930,18
1779607370.914255,18
1779607371.020097,13
1779607371.136324,5
1779607371.254122,0
