1779606959.987579176,20
1779606960.091610169,30
1779606960.205292202,46
1779606960.328689183,62
1779606960.445860905,72
1779606960.563707332,88
1779606960.691468112,102
1779606960.808803948,116
1779606960.924093917,132
1779606961.050025698,142
1779606961.153296011,156
1779606961.270537372,168
1779606961.394065823,186
1779606961.530294238,202
1779606961.660470256,214
1779606961.787054092,228
1779606961.907719980,242
1779606962.022527085,256
1779606962.137141511,270
1779606962.262605814,282
1779606962.376960881,294
1779606962.494692062,308
1779606962.609459311,322
1779606962.731679409,336
1779606962.848206210,350
1779606962.968574969,332
1779606963.085508380,314
1779606963.208439785,299
1779606963.321869680,272
1779606963.442629600,259
1779606963.554384896,244
1779606963.667944283,230
1779606963.786657835,213
1779606963.902301920,192
1779606964.020620418,180
1779606964.139067423,162
1779606964.257715332,148
1779606964.389613218,134
1779606964.501533853,120
1779606964.615993575,175
1779606964.787464609,174
1779606964.922971094,174
1779606965.048392654,173
1779606965.184773896,172
1779606965.309469891,172
1779606965.442838077,172
1779606965.599369644,170
1779606965.727738819,127
1779606965.850859041,127
1779606965.979926880,127
1779606966.094673488,127
1779606966.209794370,128
1779606966.326221875,128
1779606966.437295184,128
1779606966.548960162,129
1779606966.663936803,129
1779606966.789651336,136
1779606966.917918662,136
1779606967.050042331,136
1779606967.166803875,136
1779606967.289006944,136
1779606967.437164596,136
1779606967.560201487,136
1779606967.680312441,136
1779606967.806013035,135
1779606967.930398298,135
1779606968.054235436,133
1779606968.169923483,125
1779606968.291665184,118
1779606968.418544097,111
1779606968.539692503,103
1779606968.661561654,95
1779606968.782886506,88
1779606968.895678947,88
1779606969.011978580,84
1779606969.119398465,86
1779606969.241210846,88
1779606969.366353348,88
1779606969.502483523,88
1779606969.631789967,88
1779606969.761042873,88
1779606969.900078695,88
1779606970.033762072,88
1779606970.169272389,88
1779606970.293547965,88
1779606970.423499054,88
1779606970.552800185,88
1779606970.678374303,89
1779606970.807393701,89
1779606970.923047577,89
1779606971.035203472,89
1779606971.154180486,89
1779606971.272808565,89
1779606971.393186074,89
1779606971.501614010,90
1779606971.622706765,90
1779606971.753358829,90
1779606971.889158149,90
1779606972.016763408,90
1779606972.150088405,90
1779606972.273798846,90
1779606972.399907009,91
1779606972.522342530,91
1779606972.670144025,91
1779606972.806298634,91
1779606972.920735663,91
1779606973.041295725,91
1779606973.156286277,92
1779606973.278215974,92
1779606973.411092102,92
1779606973.527076216,92
1779606973.655046947,92
1779606973.782348678,92
1779606973.909080070,93
1779606974.025621109,93
1779606974.147938132,93
1779606974.275585110,93
1779606974.432194383,93
1779606974.572397235,93
1779606974.693782983,94
1779606974.825190432,94
1779606974.948884992,94
1779606975.079590497,94
1779606975.230691223,94
1779606975.379907151,94
1779606975.518305803,95
1779606975.659720598,95
1779606975.791013657,95
1779606975.910919391,95
1779606976.025122611,95
1779606976.147581660,95
1779606976.275642232,95
1779606976.402096530,95
1779606976.515164961,96
1779606976.630784440,96
1779606976.758653399,96
1779606976.883237981,96
1779606977.003569706,96
1779606977.135073414,96
1779606977.256317598,97
1779606977.395579069,97
1779606977.528441899,97
1779606977.647337231,97
1779606977.777694261,97
1779606977.899341711,97
1779606978.025806027,97
1779606978.154072997,98
1779606978.273051966,98
1779606978.391688497,98
1779606978.515153393,98
1779606978.644075864,98
1779606978.803118282,98
1779606978.938516681,98
1779606979.058129324,99
1779606979.195670400,99
1779606979.328766378,99
1779606979.450151921,99
1779606979.561290813,99
1779606979.678427829,99
1779606979.785123373,99
1779606979.900079693,100
1779606980.017814798,100
1779606980.167294024,100
1779606980.285755516,100
1779606980.418957465,100
1779606980.554220243,100
1779606980.691799627,100
1779606980.858630688,101
1779606981.005788850,101
1779606981.128244194,101
1779606981.245399533,101
1779606981.372855149,101
1779606981.498160357,101
1779606981.622603369,101
1779606981.763315077,102
1779606981.910228149,102
1779606982.047803554,102
1779606982.186856884,102
1779606982.323075015,102
1779606982.442994908,102
1779606982.577538851,102
1779606982.702321400,103
1779606982.823679037,103
1779606982.944335967,103
1779606983.066751833,103
1779606983.180175519,103
1779606983.309858031,103
1779606983.429478792,103
1779606983.549394076,103
1779606983.688255062,104
1779606983.859871145,104
1779606983.977073514,104
1779606984.098323102,104
1779606984.212817404,104
1779606984.338202616,104
1779606984.466225123,104
1779606984.598501660,105
1779606984.722984220,105
1779606984.847161798,105
1779606984.963700474,105
1779606985.089030033,105
1779606985.204994051,105
1779606985.325668821,105
1779606985.462266483,105
1779606985.593898036,106
1779606985.738167642,106
1779606985.873459136,106
1779606985.995669852,106
1779606986.119320162,106
1779606986.227402305,106
1779606986.337299961,106
1779606986.451082212,106
1779606986.565924648,107
1779606986.690831423,107
1779606986.808349444,107
1779606986.926718205,107
1779606987.047055391,107
1779606987.161561488,107
1779606987.295748543,107
1779606987.432899208,107
1779606987.550385121,108
1779606987.663001876,108
1779606987.777347149,108
1779606987.891643550,108
1779606988.005701966,108
1779606988.121636615,108
1779606988.242144275,108
1779606988.360622893,108
1779606988.470274427,109
1779606988.580602003,109
1779606988.708362844,109
1779606988.834258883,109
1779606988.961801029,109
1779606989.087214938,109
1779606989.202531598,109
1779606989.313005929,109
1779606989.447433379,110
1779606989.602270457,110
1779606989.722174378,110
1779606989.840236496,110
1779606989.947637348,110
1779606990.061294490,110
1779606990.173227788,110
1779606990.300934416,110
1779606990.409848106,111
1779606990.526319961,111
1779606990.654613469,111
1779606990.778125227,111
1779606990.893785256,111
1779606991.042408863,111
1779606991.171110779,111
1779606991.289656814,111
1779606991.428749307,112
1779606991.556177217,112
1779606991.683473719,112
1779606991.801692649,112
1779606991.920044529,112
1779606992.039519469,112
1779606992.148884409,112
1779606992.262021288,112
1779606992.400303597,113
1779606992.537938237,113
1779606992.650211085,113
1779606992.762908948,113
1779606992.881063938,113
1779606993.001882808,113
1779606993.123663801,113
1779606993.243700067,113
1779606993.379528251,114
1779606993.492526026,114
1779606993.610790525,114
1779606993.743463108,114
1779606993.890528819,114
1779606994.030626830,114
1779606994.154342930,114
1779606994.268379782,114
1779606994.393349514,115
1779606994.517561501,115
1779606994.655672855,115
1779606994.830020434,115
1779606994.962313307,115
1779606995.085927879,115
1779606995.206345110,115
1779606995.353839373,115
1779606995.487105162,116
1779606995.609683138,116
1779606995.728956438,116
1779606995.844108486,116
1779606995.966147578,116
1779606996.078276734,116
1779606996.193231976,116
1779606996.306265333,116
1779606996.423369778,116
1779606996.541793727,117
1779606996.657507423,117
1779606996.768929836,117
1779606996.880795722,117
1779606996.991831033,117
1779606997.113370057,117
1779606997.231891182,117
1779606997.352058290,117
1779606997.477689612,117
1779606997.609827418,118
1779606997.733028886,118
1779606997.857633020,118
1779606997.982668336,118
1779606998.109444560,118
1779606998.245375320,118
1779606998.384298985,118
1779606998.509387313,118
1779606998.625172991,118
1779606998.743624425,119
1779606998.869948679,119
1779606998.993239240,119
1779606999.122103064,119
1779606999.241123978,119
1779606999.355950019,119
1779606999.474328264,119
1779606999.598213095,119
1779606999.722777928,120
1779606999.834908964,120
1779606999.964240761,120
1779607000.083077320,120
1779607000.218385150,120
1779607000.348380423,120
1779607000.471503482,120
1779607000.585063904,120
1779607000.718821743,120
1779607000.868982019,121
1779607001.014033560,121
1779607001.133286280,121
1779607001.246804884,121
1779607001.357440911,121
1779607001.473765931,121
1779607001.589059804,121
1779607001.714508364,121
1779607001.834551495,121
1779607001.978152805,122
1779607002.114654760,122
1779607002.243218690,122
1779607002.360742403,122
1779607002.478973615,122
1779607002.614997601,122
1779607002.739960245,122
1779607002.852975893,122
1779607002.969355923,122
1779607003.112884724,123
1779607003.271844488,123
1779607003.393191070,123
1779607003.521647730,123
1779607003.646507354,123
1779607003.771776161,123
1779607003.889396548,123
1779607004.025181440,123
1779607004.147072920,123
1779607004.265721135,124
1779607004.399725106,124
1779607004.523139537,124
1779607004.647762648,124
1779607004.765198268,124
1779607004.900971258,124
1779607005.029320483,124
1779607005.156355340,124
1779607005.274124412,124
1779607005.394692902,125
1779607005.517555380,125
1779607005.643142906,125
1779607005.765646698,125
1779607005.888173321,125
1779607006.011356032,125
1779607006.124186534,125
1779607006.243587897,125
1779607006.393832231,126
1779607006.521545854,126
1779607006.629137123,126
1779607006.737903615,126
1779607006.875795928,126
1779607007.003767078,126
1779607007.126300187,126
1779607007.233341293,126
1779607007.349955917,126
1779607007.477090172,126
1779607007.598914740,127
1779607007.714481426,127
1779607007.829242077,127
1779607007.938065911,127
1779607008.067770812,127
1779607008.205646074,127
1779607008.333474302,127
1779607008.458384993,127
1779607008.579445452,127
1779607008.710491658,127
1779607008.837691839,128
1779607008.957253054,128
1779607009.077885710,128
1779607009.198810191,128
1779607009.320164646,128
1779607009.447559122,128
1779607009.565055138,128
1779607009.677705396,128
1779607009.794977092,128
1779607009.908754534,129
1779607010.024946795,129
1779607010.134211264,129
1779607010.241691046,129
1779607010.348330253,129
1779607010.473952138,129
1779607010.621191840,129
1779607010.743979725,129
1779607010.852805887,129
1779607010.969549251,130
1779607011.121733383,130
1779607011.249027268,130
1779607011.394103029,130
1779607011.511952299,130
1779607011.624229521,130
1779607011.734117049,130
1779607011.846785706,130
1779607011.957199370,130
1779607012.072203232,130
1779607012.199054156,131
1779607012.329067812,131
1779607012.447207495,131
1779607012.556844841,131
1779607012.667578957,131
1779607012.783072503,131
1779607012.903324063,131
1779607013.025696583,131
1779607013.165743876,131
1779607013.301310098,132
1779607013.438660090,132
1779607013.567197846,132
1779607013.691320735,132
1779607013.819915029,132
1779607013.936566520,132
1779607014.057362941,132
1779607014.171722494,132
1779607014.280361756,132
1779607014.390378562,133
1779607014.502224803,133
1779607014.613835974,133
1779607014.732130465,133
1779607014.845238008,133
1779607014.960197693,133
1779607015.082840481,133
1779607015.204595575,133
1779607015.326661818,133
1779607015.441093670,133
1779607015.560088967,133
1779607015.681829270,134
1779607015.808254426,134
1779607015.942687950,134
1779607016.056053120,134
1779607016.166948648,134
1779607016.307959555,134
1779607016.449900991,134
1779607016.608834442,134
1779607016.728942311,134
1779607016.856709194,135
1779607016.966047896,135
1779607017.088843035,135
1779607017.196624713,135
1779607017.307536127,135
1779607017.421071889,135
1779607017.533070156,135
1779607017.647827514,135
1779607017.767148608,135
1779607017.884374864,135
1779607018.012155135,136
1779607018.131667855,136
1779607018.258969458,136
1779607018.393692466,136
1779607018.510674957,136
1779607018.633052845,136
1779607018.749855513,136
1779607018.861908789,136
1779607018.981069779,136
1779607019.103417595,136
1779607019.240931789,137
1779607019.369935765,137
1779607019.485065750,137
1779607019.599505483,137
1779607019.730203445,137
1779607019.876095239,137
1779607020.009278642,137
1779607020.129984276,137
1779607020.261683735,137
1779607020.405719484,138
1779607020.539407579,138
1779607020.686708682,138
1779607020.818408432,138
1779607020.947982181,138
1779607021.068832393,138
1779607021.187875260,138
1779607021.354648509,138
1779607021.483337487,138
1779607021.601687936,138
1779607021.726794454,139
1779607021.856239139,139
1779607021.991643441,139
1779607022.115026735,139
1779607022.235086806,139
1779607022.345771497,139
1779607022.461094464,139
1779607022.571620540,139
1779607022.700863541,139
1779607022.815069489,139
1779607022.925521027,140
1779607023.046018993,140
1779607023.164955181,140
1779607023.280299283,140
1779607023.397739724,140
1779607023.509050099,140
1779607023.624078344,140
1779607023.740376475,140
1779607023.854299575,140
1779607023.980204239,140
1779607024.117410017,141
1779607024.234623690,141
1779607024.354487504,141
1779607024.468196669,141
1779607024.579020583,141
1779607024.697283154,141
1779607024.882858711,141
1779607025.000935293,141
1779607025.111226747,141
1779607025.229482123,141
1779607025.373267499,141
1779607025.495126377,142
1779607025.619469613,142
1779607025.738857007,142
1779607025.856118398,142
1779607025.986999052,142
1779607026.111833687,142
1779607026.232890831,142
1779607026.348951760,142
1779607026.467022532,142
1779607026.583098168,142
1779607026.705528275,143
1779607026.841947293,143
1779607026.959151073,143
1779607027.076648298,143
1779607027.199568972,143
1779607027.341268120,143
1779607027.458603529,143
1779607027.578540706,143
1779607027.718465622,143
1779607027.857968895,143
1779607027.998512608,144
1779607028.145975817,144
1779607028.273369040,144
1779607028.397727395,144
1779607028.521394872,144
1779607028.641577380,144
1779607028.769027892,144
1779607028.894918535,144
1779607029.015751299,144
1779607029.145852298,144
1779607029.283967092,145
1779607029.402297175,145
1779607029.526168361,145
1779607029.651503963,145
1779607029.793963053,145
1779607029.926300384,145
1779607030.049996956,145
1779607030.175506102,145
1779607030.287711085,145
1779607030.408375172,145
1779607030.538591551,145
1779607030.653164858,146
1779607030.769207748,146
1779607030.885202891,146
1779607030.999350014,146
1779607031.109580993,146
1779607031.227211012,146
1779607031.336251101,146
1779607031.449568656,146
1779607031.567414413,146
1779607031.714928328,146
1779607031.847287098,146
1779607031.962904857,147
1779607032.087254671,147
1779607032.222032901,147
1779607032.350970876,147
1779607032.468828436,147
1779607032.581069687,147
1779607032.695504981,147
1779607032.811375319,147
1779607032.936002080,147
1779607033.066790582,147
1779607033.195470084,148
1779607033.322392977,148
1779607033.441317654,148
1779607033.552760877,148
1779607033.680367773,148
1779607033.817051866,148
1779607033.969904632,148
1779607034.108792276,148
1779607034.225313474,148
1779607034.349156010,148
1779607034.473364442,148
1779607034.614057489,149
1779607034.730149252,149
1779607034.851431932,149
1779607034.978931471,149
1779607035.103946117,149
1779607035.229381033,149
1779607035.361268170,149
1779607035.471318117,149
1779607035.583747513,149
1779607035.689399165,149
1779607035.825830047,149
1779607035.938824245,150
1779607036.061311206,150
1779607036.175334482,150
1779607036.299505896,150
1779607036.422459296,150
1779607036.539014471,150
1779607036.665892609,150
1779607036.787216892,150
1779607036.913197955,150
1779607037.037585278,150
1779607037.155972069,150
1779607037.279052431,150
1779607037.406310351,151
1779607037.546841278,151
1779607037.664010887,151
1779607037.789873010,151
1779607037.911877849,151
1779607038.031965464,151
1779607038.157265963,151
1779607038.278411152,151
1779607038.403769939,151
1779607038.523612034,151
1779607038.661763523,151
1779607038.790194556,152
1779607038.910343592,152
1779607039.038375774,152
1779607039.164980003,152
1779607039.290818608,152
1779607039.417465542,152
1779607039.539736054,152
1779607039.662289384,152
1779607039.783210554,152
1779607039.907827894,152
1779607040.027109824,152
1779607040.142596641,153
1779607040.269474990,153
1779607040.399055314,153
1779607040.531012089,153
1779607040.656539055,153
1779607040.769815620,153
1779607040.898038770,153
1779607041.012543517,153
1779607041.127522581,153
1779607041.244349875,153
1779607041.356394477,153
1779607041.479025032,153
1779607041.616249150,154
1779607041.747839498,154
1779607041.866359865,154
1779607041.993767237,154
1779607042.167865069,154
1779607042.296328435,154
1779607042.418138379,154
1779607042.536826164,154
1779607042.664245046,154
1779607042.783824406,154
1779607042.918013954,154
1779607043.058687730,155
1779607043.213665679,155
1779607043.337546436,155
1779607043.454591029,155
1779607043.573259991,155
1779607043.714517909,155
1779607043.843996355,155
1779607043.978612891,155
1779607044.092009028,155
1779607044.207426721,155
1779607044.323679244,155
1779607044.447967030,156
1779607044.570311048,156
1779607044.691330973,156
1779607044.815681256,156
1779607044.943403601,156
1779607045.065484639,156
1779607045.197455886,156
1779607045.351107100,156
1779607045.489241465,156
1779607045.615089300,156
1779607045.734184674,156
1779607045.869992459,157
1779607046.002600212,157
1779607046.124904628,157
1779607046.241775802,157
1779607046.361861424,157
1779607046.482167242,157
1779607046.598458657,157
1779607046.719094332,157
1779607046.868395424,157
1779607046.974336202,157
1779607047.083397188,157
1779607047.199133517,158
1779607047.311540614,158
1779607047.442467940,158
1779607047.571230468,158
1779607047.691329432,158
1779607047.820598141,158
1779607047.945858196,158
1779607048.072564719,158
1779607048.197152113,158
1779607048.310670990,158
1779607048.442968293,158
1779607048.562726953,158
1779607048.690819195,158
1779607048.808090742,159
1779607048.923041374,159
1779607049.039275021,159
1779607049.159073980,159
1779607049.273169752,159
1779607049.381881862,159
1779607049.507114522,159
1779607049.622228738,159
1779607049.739258182,159
1779607049.878799389,159
1779607050.010378409,159
1779607050.126002815,160
1779607050.245339558,160
1779607050.362139858,160
1779607050.488165859,160
1779607050.606696355,160
1779607050.739895338,160
1779607050.850212827,160
1779607050.966844385,160
1779607051.087027256,160
1779607051.209511920,160
1779607051.323152568,160
1779607051.437504886,160
1779607051.549049566,161
1779607051.666124235,161
1779607051.790316764,161
1779607051.938991659,161
1779607052.071430950,161
1779607052.196292993,161
1779607052.332253138,161
1779607052.470120386,161
1779607052.603208230,161
1779607052.731990101,161
1779607052.849892692,161
1779607052.965159385,161
1779607053.096577952,162
1779607053.240881943,162
1779607053.357865094,162
1779607053.475049858,162
1779607053.592472193,162
1779607053.715725959,162
1779607053.851016817,162
1779607053.989995558,162
1779607054.114510972,162
1779607054.248904015,162
1779607054.393721323,162
1779607054.522369096,162
1779607054.645800945,163
1779607054.767936157,163
1779607054.914663652,163
1779607055.049708495,163
1779607055.189373761,163
1779607055.323327839,163
1779607055.437513868,163
1779607055.558635477,163
1779607055.686002414,163
1779607055.804099813,163
1779607055.958967709,163
1779607056.093739166,164
1779607056.217933618,164
1779607056.331848045,164
1779607056.447100775,164
1779607056.567601095,164
1779607056.685392270,164
1779607056.797971270,164
1779607056.923127378,164
1779607057.043339757,164
1779607057.163035588,164
1779607057.279960986,164
1779607057.390380362,164
1779607057.514705441,164
1779607057.652668529,165
1779607057.771235546,165
1779607057.889366587,165
1779607058.008227005,165
1779607058.132045330,165
1779607058.247813632,165
1779607058.373999078,165
1779607058.495799054,165
1779607058.615574847,165
1779607058.735512924,165
1779607058.872360417,165
1779607059.014640531,165
1779607059.146398060,166
1779607059.280339512,166
1779607059.405364113,166
1779607059.520982933,166
1779607059.630380756,166
1779607059.744034099,166
1779607059.851998875,166
1779607059.970475373,166
1779607060.083077028,166
1779607060.195831969,166
1779607060.316046299,166
1779607060.444765668,166
1779607060.570909344,167
1779607060.715861585,167
1779607060.829492687,167
1779607060.950225363,167
1779607061.073598360,167
1779607061.208818138,167
1779607061.330419110,167
1779607061.448687886,167
1779607061.554479671,167
1779607061.662095356,167
1779607061.774992340,167
1779607061.904384182,167
1779607062.030250842,167
1779607062.150177913,168
1779607062.281467329,168
1779607062.399697325,168
1779607062.518124602,168
1779607062.634726352,168
1779607062.759726399,168
1779607062.888910096,168
1779607063.014048594,168
1779607063.158980493,168
1779607063.315378607,168
1779607063.443579116,168
1779607063.571696713,168
1779607063.687748710,169
1779607063.798875722,169
1779607063.917803355,169
1779607064.037648858,169
1779607064.166590753,169
1779607064.299039001,169
1779607064.442201297,169
1779607064.569506863,169
1779607064.694347604,169
1779607064.804002078,169
1779607064.962409137,169
1779607065.117169817,169
1779607065.242185724,169
1779607065.392134124,170
1779607065.549710573,170
1779607065.678588688,170
1779607065.800098158,170
1779607065.929746566,170
1779607066.089861301,170
1779607066.231136927,170
1779607066.354349648,161
1779607066.469689041,155
1779607066.587598213,149
1779607066.709148939,143
1779607066.839225791,136
1779607066.958289026,127
1779607067.078533703,118
1779607067.205574268,110
1779607067.345659676,103
1779607067.478350523,98
1779607067.599549485,90
1779607067.730112195,85
1779607067.849964229,85
1779607067.984101373,85
1779607068.116339585,85
1779607068.245630247,85
1779607068.365377754,85
1779607068.481667029,85
1779607068.613162532,85
1779607068.740341391,85
1779607068.859203236,85
1779607068.987101432,86
1779607069.115510732,86
1779607069.246898917,86
1779607069.384237033,86
1779607069.523451632,86
1779607069.645338199,86
1779607069.779749680,87
1779607069.893099745,87
1779607070.003863324,87
1779607070.126860923,87
1779607070.253308339,87
1779607070.382441736,87
1779607070.511759081,88
1779607070.634555108,88
1779607070.745136663,88
1779607070.863335268,88
1779607071.000823928,88
1779607071.121321377,88
1779607071.245340722,88
1779607071.386011596,89
1779607071.509665044,89
1779607071.640749054,89
1779607071.760060817,89
1779607071.876574771,89
1779607071.991718839,89
1779607072.107142941,90
1779607072.229370140,90
1779607072.354638010,90
1779607072.484811036,90
1779607072.605537148,90
1779607072.730967385,90
1779607072.848799652,90
1779607072.977076112,91
1779607073.098975626,91
1779607073.228059177,91
1779607073.347737978,91
1779607073.460948998,91
1779607073.586144714,91
1779607073.720172126,91
1779607073.848098364,92
1779607073.983224635,92
1779607074.103764230,92
1779607074.235001675,92
1779607074.363881078,92
1779607074.479207577,92
1779607074.594447205,92
1779607074.709828659,93
1779607074.839245117,93
1779607074.950766651,93
1779607075.071033350,93
1779607075.220190269,93
1779607075.342153798,93
1779607075.466985925,94
1779607075.592849456,94
1779607075.721004698,94
1779607075.852822621,94
1779607075.983743049,94
1779607076.130832378,94
1779607076.266293617,94
1779607076.399653092,95
1779607076.522496832,95
1779607076.653260777,95
1779607076.771880783,95
1779607076.889420346,95
1779607077.001963174,95
1779607077.135288076,95
1779607077.263307634,96
1779607077.381586832,96
1779607077.501689267,96
1779607077.618496460,96
1779607077.737830060,96
1779607077.854862325,96
1779607078.001674888,96
1779607078.154715422,97
1779607078.270673709,97
1779607078.417912009,97
1779607078.552217951,97
1779607078.681503284,97
1779607078.810356305,97
1779607078.933531711,97
1779607079.051694508,98
1779607079.166406077,98
1779607079.284387681,98
1779607079.419933066,98
1779607079.546090572,98
1779607079.667138139,98
1779607079.805347675,98
1779607079.927985283,99
1779607080.054350071,99
1779607080.200189047,99
1779607080.321378864,99
1779607080.467107929,99
1779607080.631740206,99
1779607080.774997943,99
1779607080.894334566,100
1779607081.014451607,100
1779607081.135229579,100
1779607081.266908726,100
1779607081.401880242,100
1779607081.529240117,100
1779607081.670300270,100
1779607081.798129746,101
1779607081.914939676,101
1779607082.042820318,101
1779607082.183441753,101
1779607082.321279085,101
1779607082.442216723,101
1779607082.565755682,101
1779607082.695770050,102
1779607082.844760545,102
1779607082.962259738,102
1779607083.079861848,102
1779607083.198692978,102
1779607083.315688539,102
1779607083.438477211,102
1779607083.567440185,102
1779607083.699232134,102
1779607083.822031890,103
1779607083.950393186,103
1779607084.088127912,103
1779607084.215690050,103
1779607084.350801417,103
1779607084.486966062,103
1779607084.615759385,103
1779607084.755570631,104
1779607084.887888477,104
1779607085.018526621,104
1779607085.155327158,104
1779607085.281218308,104
1779607085.405330385,104
1779607085.534287082,104
1779607085.647139666,105
1779607085.767235287,105
1779607085.880136076,105
1779607086.007041965,105
1779607086.148689506,105
1779607086.275905761,105
1779607086.402638624,105
1779607086.523286765,105
1779607086.642365321,106
1779607086.764901946,106
1779607086.883658144,106
1779607087.008068838,106
1779607087.132013855,106
1779607087.271815959,106
1779607087.392313615,106
1779607087.524311336,106
1779607087.653195886,107
1779607087.765147031,107
1779607087.878581681,107
1779607087.999580935,107
1779607088.116806602,107
1779607088.229637707,107
1779607088.351126777,107
1779607088.474821106,107
1779607088.598514019,108
1779607088.725002577,108
1779607088.845608109,108
1779607088.967601902,108
1779607089.092808449,108
1779607089.212189553,108
1779607089.330949772,108
1779607089.458050597,108
1779607089.597405325,109
1779607089.735072765,109
1779607089.863342363,109
1779607089.997120965,109
1779607090.117524980,109
1779607090.266310724,109
1779607090.403689729,109
1779607090.554487869,109
1779607090.705683779,110
1779607090.828104939,110
1779607090.975314224,110
1779607091.118724880,110
1779607091.237585024,110
1779607091.363586130,110
1779607091.481194714,110
1779607091.598673472,110
1779607091.731859454,111
1779607091.846873507,111
1779607091.960963025,111
1779607092.085483629,111
1779607092.205616089,111
1779607092.326775745,111
1779607092.444352297,111
1779607092.562182376,111
1779607092.697817905,112
1779607092.815957094,112
1779607092.964934262,112
1779607093.097234261,112
1779607093.215398747,112
1779607093.338543599,112
1779607093.459826631,112
1779607093.577263488,112
1779607093.698239577,112
1779607093.818436583,113
1779607093.933043503,113
1779607094.050817345,113
1779607094.163096101,113
1779607094.276343182,113
1779607094.417973374,113
1779607094.539620519,113
1779607094.659212687,113
1779607094.787635189,114
1779607094.912523332,114
1779607095.047371045,114
1779607095.166652903,114
1779607095.293087765,114
1779607095.416895346,114
1779607095.555790688,114
1779607095.691474112,114
1779607095.831595973,114
1779607095.955391555,115
1779607096.077006836,115
1779607096.199712274,115
1779607096.332267909,115
1779607096.465307520,115
1779607096.584267359,115
1779607096.717325469,115
1779607096.827738626,115
1779607096.939647664,116
1779607097.060040681,116
1779607097.200976140,116
1779607097.338083298,116
1779607097.466105175,116
1779607097.584937945,116
1779607097.702996671,116
1779607097.827962415,116
1779607097.962959223,116
1779607098.099977557,117
1779607098.231773996,117
1779607098.359882501,117
1779607098.492129667,117
1779607098.631902736,117
1779607098.777928440,117
1779607098.896326530,117
1779607099.018532132,117
1779607099.149160014,118
1779607099.262611074,118
1779607099.381274282,118
1779607099.503671381,118
1779607099.629101031,118
1779607099.755268477,118
1779607099.879709220,118
1779607100.009410941,118
1779607100.135489315,118
1779607100.273089719,119
1779607100.403533493,119
1779607100.558383841,119
1779607100.698638484,119
1779607100.827418760,119
1779607100.947317077,119
1779607101.068265801,119
1779607101.200202046,119
1779607101.330834651,120
1779607101.479933553,120
1779607101.606288336,120
1779607101.732959978,120
1779607101.855077021,120
1779607101.978943432,120
1779607102.115516652,120
1779607102.278335440,120
1779607102.419846700,120
1779607102.542214986,121
1779607102.670608546,121
1779607102.799828813,121
1779607102.923679481,121
1779607103.052119624,121
1779607103.177565133,121
1779607103.315704240,121
1779607103.459517264,121
1779607103.612083671,121
1779607103.745157289,122
1779607103.866582755,122
1779607103.980853673,122
1779607104.117259125,122
1779607104.250216922,122
1779607104.374557662,122
1779607104.494428756,122
1779607104.631093404,122
1779607104.757163013,122
1779607104.885263810,123
1779607105.021133875,123
1779607105.140645619,123
1779607105.257860689,123
1779607105.378119228,123
1779607105.490183770,123
1779607105.606299022,123
1779607105.720379878,123
1779607105.831481511,123
1779607105.945955597,124
1779607106.060927993,124
1779607106.177368609,124
1779607106.298964002,124
1779607106.419649859,124
1779607106.535931649,124
1779607106.658212091,124
1779607106.795714419,124
1779607106.925421771,124
1779607107.078612799,124
1779607107.220337585,125
1779607107.349397810,125
1779607107.467859454,125
1779607107.626707154,125
1779607107.762079473,125
1779607107.873869791,125
1779607107.986965251,125
1779607108.124293893,125
1779607108.259812169,126
1779607108.378449976,126
1779607108.517271501,126
1779607108.674020317,126
1779607108.803984378,126
1779607108.939941007,126
1779607109.067847802,126
1779607109.222241371,126
1779607109.344328758,126
1779607109.478248873,127
1779607109.612358146,127
1779607109.738864307,127
1779607109.869011615,127
1779607109.997672541,127
1779607110.111224285,127
1779607110.238364920,127
1779607110.380340006,127
1779607110.500315840,127
1779607110.617005383,128
1779607110.744193224,128
1779607110.868210185,128
1779607110.992009449,128
1779607111.121887825,128
1779607111.252162515,128
1779607111.394032113,128
1779607111.537921733,128
1779607111.666879990,128
1779607111.788081559,128
1779607111.912545587,129
1779607112.027536223,129
1779607112.144301274,129
1779607112.293935234,129
1779607112.422683299,129
1779607112.542709351,129
1779607112.664818588,129
1779607112.799246823,129
1779607112.930478720,129
1779607113.064209576,130
1779607113.199814757,130
1779607113.340139365,130
1779607113.457141493,130
1779607113.574519726,130
1779607113.700066295,130
1779607113.814980071,130
1779607113.932334139,130
1779607114.042892971,130
1779607114.152907169,130
1779607114.266294945,131
1779607114.382961637,131
1779607114.500306587,131
1779607114.615698302,131
1779607114.730374221,131
1779607114.847312553,131
1779607114.964208694,131
1779607115.072814624,131
1779607115.187707632,131
1779607115.303487495,131
1779607115.413155920,132
1779607115.541519648,132
1779607115.653103570,132
1779607115.768204065,132
1779607115.885739630,132
1779607116.008159877,132
1779607116.118545700,132
1779607116.238746888,132
1779607116.361528089,132
1779607116.475647337,132
1779607116.593788833,133
1779607116.734004125,133
1779607116.858634572,133
1779607116.975877668,133
1779607117.139495967,133
1779607117.306182831,133
1779607117.417747295,133
1779607117.529251644,133
1779607117.643782817,133
1779607117.756775544,133
1779607117.883774836,134
1779607118.009189924,134
1779607118.150345377,134
1779607118.276558910,134
1779607118.393571731,134
1779607118.524343680,134
1779607118.655536101,134
1779607118.786906367,134
1779607118.903659968,134
1779607119.023141732,134
1779607119.147041795,135
1779607119.303700468,135
1779607119.432276825,135
1779607119.567333925,135
1779607119.706477841,135
1779607119.833329540,135
1779607119.947755618,135
1779607120.059836628,135
1779607120.177828450,135
1779607120.291634336,136
1779607120.402587357,136
1779607120.522278567,136
1779607120.643101575,136
1779607120.781802628,136
1779607120.904774467,136
1779607121.031314210,136
1779607121.154147412,136
1779607121.298159215,136
1779607121.443974495,136
1779607121.562832637,137
1779607121.682682209,137
1779607121.802810760,137
1779607121.920218483,137
1779607122.038702705,137
1779607122.149844708,137
1779607122.258835771,137
1779607122.373150905,137
1779607122.487127450,137
1779607122.627299968,137
1779607122.760321934,137
1779607122.882226681,138
1779607123.004861177,138
1779607123.117598191,138
1779607123.235371525,138
1779607123.352339949,138
1779607123.477264976,138
1779607123.609707008,138
1779607123.725248412,138
1779607123.841589807,138
1779607123.971213191,138
1779607124.109345893,139
1779607124.232863563,139
1779607124.354545136,139
1779607124.489826599,139
1779607124.611004500,139
1779607124.730664382,139
1779607124.850153719,139
1779607125.003931805,139
1779607125.151893383,139
1779607125.271448675,139
1779607125.392978084,139
1779607125.517277011,140
1779607125.648745752,140
1779607125.777958025,140
1779607125.895979837,140
1779607126.029458720,140
1779607126.158399663,140
1779607126.293196403,140
1779607126.413617801,140
1779607126.540261848,140
1779607126.666297382,140
1779607126.791292980,141
1779607126.911686156,141
1779607127.026633073,141
1779607127.143468495,141
1779607127.252228958,141
1779607127.360893999,141
1779607127.472089669,141
1779607127.602062432,141
1779607127.735080455,141
1779607127.886930348,141
1779607128.017996394,142
1779607128.162451922,142
1779607128.295735873,142
1779607128.427056984,142
1779607128.566348973,142
1779607128.694795296,142
1779607128.819772913,142
1779607128.957808492,142
1779607129.120105335,142
1779607129.250243219,142
1779607129.382426476,142
1779607129.518931509,143
1779607129.641242407,143
1779607129.757570635,143
1779607129.868036794,143
1779607129.979435949,143
1779607130.113559366,143
1779607130.230381241,143
1779607130.355309419,143
1779607130.487432122,143
1779607130.604873006,143
1779607130.723860806,144
1779607130.842206212,144
1779607130.967600281,144
1779607131.105932341,144
1779607131.244346383,144
1779607131.381890256,144
1779607131.507172109,144
1779607131.639041045,144
1779607131.774756664,144
1779607131.901515144,144
1779607132.023256234,145
1779607132.146195602,145
1779607132.283706090,145
1779607132.403756455,145
1779607132.524582940,145
1779607132.649706601,145
1779607132.767897621,145
1779607132.886398955,145
1779607133.004985203,145
1779607133.131378727,145
1779607133.259944864,145
1779607133.385921482,146
1779607133.506468780,146
1779607133.617092252,146
1779607133.730364771,146
1779607133.855498782,146
1779607133.966774564,146
1779607134.086690355,146
1779607134.210308419,146
1779607134.337312450,146
1779607134.454599830,146
1779607134.576965472,146
1779607134.695030010,147
1779607134.813629882,147
1779607134.927770575,147
1779607135.048296443,147
1779607135.163003833,147
1779607135.275431910,147
1779607135.389594045,147
1779607135.509685572,147
1779607135.642489780,147
1779607135.766960891,147
1779607135.891714718,147
1779607136.020681273,148
1779607136.142621404,148
1779607136.262949581,148
1779607136.380830874,148
1779607136.499079713,148
1779607136.621597778,148
1779607136.735210804,148
1779607136.862171510,148
1779607136.980286620,148
1779607137.122922665,148
1779607137.253406468,149
1779607137.389760511,149
1779607137.519587971,149
1779607137.645025663,149
1779607137.760383139,149
1779607137.877199036,149
1779607138.005994885,149
1779607138.134010031,149
1779607138.245308427,149
1779607138.359774226,149
1779607138.480960424,149
1779607138.619569028,149
1779607138.741697906,150
1779607138.867975134,150
1779607138.994515566,150
1779607139.121422934,150
1779607139.271748372,150
1779607139.383191996,150
1779607139.493201847,150
1779607139.600679634,150
1779607139.718532744,150
1779607139.841925487,150
1779607139.963331580,150
1779607140.105189918,151
1779607140.254328064,151
1779607140.373456891,151
1779607140.527301111,151
1779607140.679373701,151
1779607140.806225249,151
1779607140.942284267,151
1779607141.070804841,151
1779607141.193386351,151
1779607141.318150835,151
1779607141.434876983,152
1779607141.551189488,152
1779607141.677842773,152
1779607141.803008352,152
1779607141.911238210,152
1779607142.021655779,152
1779607142.141459401,152
1779607142.253259981,152
1779607142.385807162,152
1779607142.513989536,152
1779607142.646063591,152
1779607142.775411856,152
1779607142.913555682,153
1779607143.037588691,153
1779607143.165562093,153
1779607143.304038567,153
1779607143.424508505,153
1779607143.547390127,153
1779607143.686344311,153
1779607143.818440983,153
1779607143.945696318,153
1779607144.096234673,153
1779607144.230026193,153
1779607144.347400136,154
1779607144.472768774,154
1779607144.602941466,154
1779607144.728390556,154
1779607144.890560162,154
1779607145.033142256,154
1779607145.159479156,154
1779607145.291218437,154
1779607145.419087292,154
1779607145.545824116,154
1779607145.678590633,154
1779607145.807105684,155
1779607145.934097869,155
1779607146.057981575,155
1779607146.197939463,155
1779607146.341305024,155
1779607146.477145517,155
1779607146.621753612,155
1779607146.753897892,155
1779607146.873346426,155
1779607147.027149109,155
1779607147.164651752,155
1779607147.283168299,156
1779607147.403786491,156
1779607147.531270654,156
1779607147.660185927,156
1779607147.787508312,156
1779607147.911222575,156
1779607148.035403826,156
1779607148.167319752,156
1779607148.300354444,156
1779607148.451686089,156
1779607148.589144986,156
1779607148.731957442,157
1779607148.897319985,157
1779607149.031503271,157
1779607149.162512985,157
1779607149.293566884,157
1779607149.412050752,157
1779607149.536159983,157
1779607149.653990992,157
1779607149.768314153,157
1779607149.882730978,157
1779607150.012259175,157
1779607150.137019916,157
1779607150.250737425,158
1779607150.360705538,158
1779607150.490528973,158
1779607150.629146951,158
1779607150.748526573,158
1779607150.868759717,158
1779607150.980950381,158
1779607151.106395592,158
1779607151.231306008,158
1779607151.347298399,158
1779607151.459013311,158
1779607151.568057659,158
1779607151.699704614,158
1779607151.826563962,159
1779607151.949046706,159
1779607152.069559894,159
1779607152.190836683,159
1779607152.306250938,159
1779607152.421771029,159
1779607152.547748750,159
1779607152.679024981,159
1779607152.801447783,159
1779607152.915141915,159
1779607153.035720211,159
1779607153.154128836,159
1779607153.267345593,160
1779607153.388812216,160
1779607153.501126939,160
1779607153.619399175,160
1779607153.758133589,160
1779607153.895765971,160
1779607154.032135014,160
1779607154.204963936,160
1779607154.346293731,160
1779607154.467697335,160
1779607154.601644059,160
1779607154.743690770,160
1779607154.864732186,161
1779607154.992969515,161
1779607155.123419216,161
1779607155.251021279,161
1779607155.371147923,161
1779607155.490863651,161
1779607155.610208481,161
1779607155.746200166,161
1779607155.862459714,158
1779607155.971432959,153
1779607156.110858540,145
1779607156.242241982,138
1779607156.373684073,132
1779607156.493438377,124
1779607156.613439571,119
1779607156.727228912,112
1779607156.840280835,107
1779607156.959340278,101
1779607157.077039972,94
1779607157.201027223,88
1779607157.342073769,80
1779607157.471686789,80
1779607157.591297307,80
1779607157.703232787,80
1779607157.817984215,80
1779607157.949851127,80
1779607158.076855349,80
1779607158.203991057,81
1779607158.324166364,81
1779607158.444639995,81
1779607158.581358552,81
1779607158.708008945,81
1779607158.838031829,81
1779607158.959933397,82
1779607159.079101030,82
1779607159.199635960,82
1779607159.317067221,82
1779607159.437208040,82
1779607159.559560054,82
1779607159.673812242,83
1779607159.792554182,83
1779607159.903332807,83
1779607160.026053024,83
1779607160.150270533,83
1779607160.275437034,83
1779607160.395322156,84
1779607160.509297991,84
1779607160.633113802,84
1779607160.746863675,84
1779607160.866653761,84
1779607160.977909084,84
1779607161.088616247,85
1779607161.208209289,85
1779607161.359068014,85
1779607161.487389368,85
1779607161.608271239,85
1779607161.744897577,85
1779607161.856914750,86
1779607161.967907779,86
1779607162.085974836,86
1779607162.201216129,86
1779607162.341719307,86
1779607162.464204947,86
1779607162.579496550,87
1779607162.699066869,87
1779607162.815728787,87
1779607162.936902842,87
1779607163.055039786,87
1779607163.163753115,87
1779607163.275376004,87
1779607163.384279364,88
1779607163.504096064,88
1779607163.627107432,88
1779607163.744156918,88
1779607163.853364601,88
1779607163.971087175,88
1779607164.095228098,88
1779607164.214933546,89
1779607164.340374984,89
1779607164.482484227,89
1779607164.613790035,89
